5.008228e+002,1.944905e+000
5.017870e+002,1.438279e+000
5.027513e+002,2.663351e+000
5.037155e+002,4.989914e+000
5.046797e+002,6.670548e+000
5.056440e+002,7.797642e+000
5.066082e+002,8.239890e+000
5.075724e+002,6.286546e+000
5.085367e+002,6.201998e+000
5.095009e+002,5.990148e+000
5.104651e+002,5.967706e+000
5.114294e+002,6.521646e+000
5.123936e+002,7.460182e+000
5.133578e+002,8.505365e+000
5.143221e+002,9.501310e+000
5.152863e+002,1.033958e+001
5.162505e+002,1.094478e+001
5.172148e+002,1.133964e+001
5.181790e+002,1.170641e+001
5.191432e+002,1.219684e+001
5.201075e+002,1.267097e+001
5.210717e+002,1.298048e+001
5.220359e+002,1.308941e+001
5.230002e+002,1.333243e+001
5.239644e+002,1.398876e+001
5.249286e+002,1.507861e+001
5.258929e+002,1.625200e+001
5.268571e+002,1.737074e+001
5.278214e+002,1.849347e+001
5.287856e+002,1.969954e+001
5.297498e+002,2.110305e+001
5.307141e+002,2.294614e+001
5.316783e+002,2.534673e+001
5.326425e+002,2.813307e+001
5.336068e+002,3.089863e+001
5.345710e+002,3.339024e+001
5.355352e+002,3.507788e+001
5.364995e+002,3.568897e+001
5.374637e+002,3.532257e+001
5.384279e+002,3.420529e+001
5.393922e+002,3.255433e+001
5.403564e+002,3.051340e+001
5.413206e+002,2.824126e+001
5.422849e+002,2.582940e+001
5.432491e+002,2.332902e+001
5.442133e+002,2.089271e+001
5.451776e+002,1.870468e+001
5.461418e+002,1.698812e+001
5.471060e+002,1.582948e+001
5.480703e+002,1.482039e+001
5.490345e+002,1.327847e+001
5.499987e+002,1.124775e+001
5.509630e+002,9.264635e+000
5.519272e+002,7.620040e+000
5.528914e+002,6.347981e+000
5.538557e+002,5.344403e+000
5.548199e+002,4.599207e+000
5.557841e+002,4.103695e+000
5.567484e+002,3.768327e+000
5.577126e+002,3.583206e+000
5.586768e+002,3.594270e+000
5.596411e+002,3.802259e+000
5.606053e+002,4.015432e+000
5.615695e+002,3.900268e+000
5.625338e+002,3.463252e+000
5.634980e+002,2.900762e+000
5.644622e+002,2.331547e+000
5.654265e+002,1.752618e+000
5.663907e+002,1.087271e+000
5.673549e+002,4.108648e-001
5.683192e+002,0.000000e+000
5.692834e+002,8.336687e-002
5.702476e+002,6.717362e-001
5.712119e+002,1.666696e+000
5.721761e+002,2.932159e+000
5.731403e+002,4.019385e+000
5.741046e+002,4.533043e+000
5.750688e+002,4.457622e+000
5.760330e+002,4.024302e+000
5.769973e+002,3.394655e+000
5.779615e+002,2.760058e+000
5.789257e+002,2.297654e+000
5.798900e+002,2.016520e+000
5.808542e+002,1.928632e+000
5.818184e+002,2.036669e+000
5.827827e+002,2.305226e+000
5.837469e+002,2.673994e+000
5.847111e+002,3.081169e+000
5.856754e+002,3.393676e+000
5.866396e+002,3.284418e+000
5.876038e+002,2.848547e+000
5.885681e+002,2.465401e+000
5.895323e+002,2.473346e+000
5.904965e+002,2.711825e+000
5.914608e+002,3.121178e+000
5.924250e+002,3.647050e+000
5.933892e+002,4.089311e+000
5.943535e+002,4.329193e+000
5.953177e+002,4.483805e+000
5.962819e+002,4.780833e+000
5.972462e+002,5.214199e+000
5.982104e+002,5.583554e+000
5.991746e+002,5.787499e+000
6.001389e+002,5.881692e+000
6.011031e+002,6.082026e+000
6.020673e+002,6.510467e+000
6.030316e+002,7.121013e+000
6.039958e+002,7.615956e+000
6.049600e+002,7.886870e+000
6.059243e+002,7.877756e+000
6.068885e+002,7.594620e+000
6.078527e+002,7.191826e+000
6.088169e+002,6.869680e+000
6.097811e+002,6.842386e+000
6.107454e+002,7.119517e+000
6.117096e+002,7.559062e+000
6.126738e+002,7.952906e+000
6.136381e+002,8.039808e+000
6.146023e+002,7.801383e+000
6.155665e+002,7.579753e+000
6.165308e+002,7.634184e+000
6.174950e+002,7.983446e+000
6.184592e+002,8.420919e+000
6.194235e+002,8.786689e+000
6.203877e+002,9.124805e+000
6.213519e+002,9.549934e+000
6.223162e+002,9.971382e+000
6.232804e+002,1.039350e+001
6.242446e+002,1.080315e+001
6.252089e+002,1.107300e+001
6.261731e+002,1.092780e+001
6.271373e+002,1.027596e+001
6.281016e+002,9.481122e+000
6.290658e+002,9.003942e+000
6.300300e+002,8.832863e+000
6.309943e+002,8.724964e+000
6.319585e+002,8.534023e+000
6.329227e+002,8.449897e+000
6.338870e+002,8.679724e+000
6.348512e+002,9.144545e+000
6.358154e+002,9.533580e+000
6.367797e+002,9.675360e+000
6.377439e+002,9.546681e+000
6.387081e+002,9.198006e+000
6.396724e+002,8.784918e+000
6.406366e+002,8.509968e+000
6.416008e+002,8.484686e+000
6.425651e+002,8.616077e+000
6.435293e+002,8.718996e+000
6.444935e+002,8.679100e+000
6.454578e+002,8.544869e+000
6.464220e+002,8.500064e+000
6.473862e+002,8.577304e+000
6.483505e+002,8.722445e+000
6.493147e+002,8.874968e+000
6.502789e+002,8.881295e+000
6.512432e+002,8.619360e+000
6.522074e+002,8.157942e+000
6.531716e+002,7.736269e+000
6.541359e+002,7.469058e+000
6.551001e+002,7.294917e+000
6.560643e+002,7.111216e+000
6.570286e+002,6.865888e+000
6.579928e+002,6.537055e+000
6.589570e+002,6.130743e+000
6.599213e+002,5.714736e+000
6.608855e+002,5.406969e+000
6.618497e+002,5.213871e+000
6.628140e+002,4.977565e+000
6.637782e+002,4.554988e+000
6.647424e+002,4.083511e+000
6.657067e+002,3.822588e+000
6.666709e+002,3.868324e+000
6.676351e+002,4.083375e+000
6.685994e+002,4.308259e+000
6.695636e+002,4.544815e+000
6.705278e+002,4.833443e+000
6.714921e+002,5.147101e+000
6.724563e+002,5.392684e+000
6.734205e+002,5.493719e+000
6.743848e+002,5.437010e+000
6.753490e+002,5.168591e+000
6.763132e+002,4.670403e+000
6.772775e+002,4.070650e+000
6.782417e+002,3.555409e+000
6.792059e+002,3.224491e+000
6.801702e+002,3.057498e+000
6.811344e+002,2.966747e+000
6.820986e+002,2.972490e+000
6.830629e+002,3.158688e+000
6.840271e+002,3.471112e+000
6.849913e+002,3.680245e+000
6.859556e+002,3.594072e+000
6.869198e+002,3.336872e+000
6.878840e+002,3.059373e+000
6.888483e+002,2.894967e+000
6.898125e+002,2.979896e+000
6.907767e+002,3.483199e+000
6.917410e+002,4.109354e+000
6.927052e+002,4.575119e+000
6.936694e+002,4.864666e+000
6.946337e+002,5.089919e+000
6.955979e+002,5.331296e+000
6.965621e+002,5.512244e+000
6.975264e+002,5.477423e+000
6.984906e+002,5.092384e+000
6.994548e+002,4.367956e+000
7.004191e+002,3.523699e+000
7.013833e+002,2.782443e+000
7.023475e+002,2.466738e+000
7.033118e+002,2.737196e+000
7.042760e+002,3.362580e+000
7.052402e+002,3.807126e+000
7.062045e+002,4.013851e+000
7.071687e+002,4.247189e+000
7.081329e+002,4.703415e+000
7.090972e+002,5.175125e+000
7.100614e+002,5.362625e+000
7.110256e+002,5.310956e+000
7.119899e+002,5.149386e+000
7.129541e+002,4.962959e+000
7.139183e+002,4.831304e+000
7.148826e+002,4.904331e+000
7.158468e+002,5.247511e+000
7.168110e+002,5.734538e+000
7.177753e+002,6.120878e+000
7.187395e+002,6.334173e+000
7.197037e+002,6.377725e+000
7.206680e+002,6.336405e+000
7.216322e+002,6.349867e+000
7.225964e+002,6.300791e+000
7.235607e+002,6.081510e+000
7.245249e+002,5.775086e+000
7.254891e+002,5.449825e+000
7.264534e+002,5.235698e+000
7.274176e+002,5.187874e+000
7.283818e+002,5.283556e+000
7.293461e+002,5.437521e+000
7.303103e+002,5.667709e+000
7.312745e+002,6.110250e+000
7.322388e+002,6.901991e+000
7.332030e+002,7.869948e+000
7.341672e+002,8.954795e+000
7.351315e+002,1.020601e+001
7.360957e+002,1.149705e+001
7.370599e+002,1.258487e+001
7.380242e+002,1.337522e+001
7.389884e+002,1.394959e+001
7.399526e+002,1.440067e+001
7.409169e+002,1.466046e+001
7.418811e+002,1.461120e+001
7.428453e+002,1.419464e+001
7.438096e+002,1.346831e+001
7.447738e+002,1.259661e+001
7.457380e+002,1.171368e+001
7.467023e+002,1.068952e+001
7.476665e+002,9.555878e+000
7.486307e+002,8.438659e+000
7.495950e+002,7.455269e+000
7.505592e+002,6.732384e+000
7.515234e+002,6.372334e+000
7.524877e+002,6.334753e+000
7.534519e+002,6.461761e+000
7.544161e+002,6.608222e+000
7.553804e+002,6.722237e+000
7.563446e+002,6.751586e+000
7.573088e+002,6.577826e+000
7.582731e+002,6.180233e+000
7.592373e+002,5.674839e+000
7.602015e+002,5.192757e+000
7.611658e+002,4.893413e+000
7.621300e+002,4.699378e+000
7.630942e+002,4.402449e+000
7.640585e+002,4.043781e+000
7.650227e+002,3.874875e+000
7.659869e+002,4.115361e+000
7.669512e+002,4.694333e+000
7.679154e+002,5.312281e+000
7.688796e+002,5.822152e+000
7.698439e+002,6.114942e+000
7.708081e+002,6.049462e+000
7.717723e+002,5.667716e+000
7.727366e+002,5.271440e+000
7.737008e+002,5.131444e+000
7.746650e+002,5.132752e+000
7.756293e+002,4.933914e+000
7.765935e+002,4.441354e+000
7.775577e+002,3.995685e+000
7.785220e+002,4.023817e+000
7.794862e+002,4.478152e+000
7.804504e+002,4.952434e+000
7.814147e+002,5.177900e+000
7.823789e+002,5.214362e+000
7.833431e+002,5.155804e+000
7.843074e+002,5.106607e+000
7.852716e+002,5.284375e+000
7.862358e+002,5.734008e+000
7.872001e+002,6.207874e+000
7.881643e+002,6.381460e+000
7.891285e+002,6.280286e+000
7.900928e+002,6.108906e+000
7.910570e+002,5.988830e+000
7.920212e+002,5.894604e+000
7.929855e+002,5.659434e+000
7.939497e+002,5.288570e+000
7.949139e+002,4.914828e+000
7.958782e+002,4.650338e+000
7.968424e+002,4.585080e+000
7.978066e+002,4.751286e+000
7.987709e+002,5.070724e+000
7.997351e+002,5.306021e+000
8.006993e+002,5.343285e+000
8.016636e+002,5.289765e+000
8.026278e+002,5.305065e+000
8.035920e+002,5.504498e+000
8.045563e+002,5.902075e+000
8.055205e+002,6.404501e+000
8.064847e+002,6.852971e+000
8.074490e+002,7.086301e+000
8.084132e+002,7.194199e+000
8.093774e+002,7.294654e+000
8.103417e+002,7.414407e+000
8.113059e+002,7.472322e+000
8.122701e+002,7.371317e+000
8.132344e+002,7.136306e+000
8.141986e+002,6.835649e+000
8.151628e+002,6.596263e+000
8.161271e+002,6.535381e+000
8.170913e+002,6.704308e+000
8.180555e+002,6.925618e+000
8.190198e+002,6.854214e+000
8.199840e+002,6.409556e+000
8.209482e+002,5.794152e+000
8.219125e+002,5.286476e+000
8.228767e+002,4.882669e+000
8.238409e+002,4.458563e+000
8.248052e+002,3.969155e+000
8.257694e+002,3.466770e+000
8.267336e+002,3.043175e+000
8.276979e+002,2.777400e+000
8.286621e+002,2.767932e+000
8.296263e+002,2.990370e+000
8.305906e+002,3.190580e+000
8.315548e+002,3.097017e+000
8.325190e+002,2.727412e+000
8.334833e+002,2.359540e+000
8.344475e+002,2.180541e+000
8.354117e+002,2.155288e+000
8.363760e+002,2.201837e+000
8.373402e+002,2.212654e+000
8.383044e+002,2.175771e+000
8.392687e+002,2.133066e+000
8.402329e+002,2.125664e+000
8.411971e+002,2.188737e+000
8.421614e+002,2.430856e+000
8.431256e+002,2.870521e+000
8.440898e+002,3.376995e+000
8.450541e+002,3.899593e+000
8.460183e+002,4.495534e+000
8.469825e+002,5.192180e+000
8.479468e+002,5.998118e+000
8.489110e+002,6.776160e+000
8.498752e+002,7.354145e+000
8.508395e+002,7.589197e+000
8.518037e+002,7.499292e+000
8.527679e+002,7.187662e+000
8.537322e+002,6.648685e+000
8.546964e+002,5.852109e+000
8.556606e+002,4.977775e+000
8.566249e+002,4.189403e+000
8.575891e+002,3.533816e+000
8.585533e+002,3.056866e+000
8.595176e+002,2.844399e+000
8.604818e+002,2.924430e+000
8.614460e+002,3.181154e+000
8.624103e+002,3.399060e+000
8.633745e+002,3.473632e+000
8.643387e+002,3.407028e+000
8.653030e+002,3.255946e+000
8.662672e+002,3.101503e+000
8.672314e+002,2.884248e+000
8.681957e+002,2.583802e+000
8.691599e+002,2.326732e+000
8.701241e+002,2.237331e+000
8.710884e+002,2.333606e+000
8.720526e+002,2.591412e+000
8.730168e+002,2.920682e+000
8.739811e+002,3.158881e+000
8.749453e+002,3.226442e+000
8.759095e+002,3.270186e+000
8.768738e+002,3.440865e+000
8.778380e+002,3.578208e+000
8.788022e+002,3.557940e+000
8.797665e+002,3.478860e+000
8.807307e+002,3.515258e+000
8.816949e+002,3.817744e+000
8.826592e+002,4.187774e+000
8.836234e+002,4.445790e+000
8.845876e+002,4.531269e+000
8.855519e+002,4.446609e+000
8.865161e+002,4.175727e+000
8.874803e+002,3.865067e+000
8.884446e+002,3.800901e+000
8.894088e+002,3.998538e+000
8.903730e+002,4.197769e+000
8.913373e+002,4.064677e+000
8.923015e+002,3.688913e+000
8.932657e+002,3.372886e+000
8.942300e+002,3.276950e+000
8.951942e+002,3.326501e+000
8.961584e+002,3.286519e+000
8.971227e+002,3.229102e+000
8.980869e+002,3.324174e+000
8.990511e+002,3.547748e+000
9.000154e+002,3.847043e+000
9.009796e+002,4.211305e+000
9.019438e+002,4.510142e+000
9.029081e+002,4.434079e+000
9.038723e+002,3.938889e+000
9.048365e+002,3.196525e+000
9.058008e+002,2.466648e+000
9.067650e+002,1.904930e+000
9.077292e+002,1.535319e+000
9.086935e+002,1.382122e+000
9.096577e+002,1.515287e+000
9.106219e+002,2.004496e+000
9.115862e+002,2.879770e+000
9.125504e+002,3.908158e+000
9.135146e+002,4.707682e+000
9.144789e+002,4.897086e+000
9.154431e+002,4.495034e+000
9.164073e+002,3.955772e+000
9.173716e+002,3.556532e+000
9.183358e+002,3.193966e+000
9.193000e+002,2.763397e+000
9.202643e+002,2.315701e+000
9.212285e+002,1.975545e+000
9.221927e+002,1.806740e+000
9.231570e+002,1.854864e+000
9.241212e+002,2.162248e+000
9.250854e+002,2.585843e+000
9.260497e+002,2.681699e+000
9.270139e+002,2.189662e+000
9.279781e+002,1.775834e+000
9.289424e+002,2.176894e+000
9.299066e+002,3.404728e+000
9.308708e+002,4.822768e+000
9.318351e+002,5.870725e+000
9.327993e+002,6.457347e+000
9.337635e+002,6.670243e+000
9.347277e+002,6.741792e+000
9.356920e+002,6.800504e+000
9.366562e+002,6.797235e+000
9.376204e+002,6.488511e+000
9.385847e+002,5.635346e+000
9.395489e+002,4.297070e+000
9.405131e+002,2.938837e+000
9.414774e+002,2.295536e+000
9.424416e+002,2.334355e+000
9.434058e+002,2.584427e+000
9.443701e+002,2.760229e+000
9.453343e+002,2.873438e+000
9.462985e+002,3.012473e+000
9.472628e+002,3.222269e+000
9.482270e+002,3.592129e+000
9.491912e+002,3.938656e+000
9.501555e+002,3.914875e+000
9.511197e+002,3.617434e+000
9.520839e+002,3.324449e+000
9.530482e+002,3.183291e+000
9.540124e+002,3.116160e+000
9.549766e+002,3.165572e+000
9.559409e+002,3.277348e+000
9.569051e+002,3.283237e+000
9.578693e+002,3.275307e+000
9.588336e+002,3.520082e+000
9.597978e+002,4.165621e+000
9.607620e+002,4.877913e+000
9.617263e+002,5.314370e+000
9.626905e+002,5.327794e+000
9.636547e+002,5.037062e+000
9.646190e+002,4.837649e+000
9.655832e+002,4.767610e+000
9.665474e+002,4.594647e+000
9.675117e+002,4.328188e+000
9.684759e+002,4.112476e+000
9.694401e+002,3.907450e+000
9.704044e+002,3.683029e+000
9.713686e+002,3.701088e+000
9.723328e+002,4.043868e+000
9.732971e+002,4.516595e+000
9.742613e+002,4.738037e+000
9.752255e+002,4.692874e+000
9.761898e+002,4.506710e+000
9.771540e+002,4.262996e+000
9.781182e+002,4.017699e+000
9.790825e+002,3.680200e+000
9.800467e+002,3.184617e+000
9.810109e+002,2.794816e+000
9.819752e+002,2.774125e+000
9.829394e+002,3.256588e+000
9.839036e+002,3.951160e+000
9.848679e+002,4.598859e+000
9.858321e+002,5.053818e+000
9.867963e+002,5.314996e+000
9.877606e+002,5.442457e+000
9.887248e+002,5.515217e+000
9.896890e+002,5.598987e+000
9.906533e+002,5.721318e+000
9.916175e+002,5.859555e+000
9.925817e+002,5.883750e+000
9.935460e+002,5.759518e+000
9.945102e+002,5.619689e+000
9.954744e+002,5.730024e+000
9.964387e+002,6.183892e+000
9.974029e+002,6.644351e+000
9.983671e+002,6.876271e+000
9.993314e+002,6.739738e+000
1.000296e+003,6.515183e+000
1.001260e+003,6.439212e+000
1.002224e+003,6.631519e+000
1.003188e+003,7.103177e+000
1.004153e+003,7.811091e+000
1.005117e+003,8.462715e+000
1.006081e+003,8.764294e+000
1.007045e+003,8.728683e+000
1.008009e+003,8.494658e+000
1.008974e+003,8.235693e+000
1.009938e+003,7.981281e+000
1.010902e+003,7.621456e+000
1.011866e+003,7.014595e+000
1.012831e+003,6.201515e+000
1.013795e+003,5.534257e+000
1.014759e+003,5.096084e+000
1.015723e+003,4.818070e+000
1.016688e+003,4.742331e+000
1.017652e+003,4.843681e+000
1.018616e+003,4.847485e+000
1.019580e+003,4.676937e+000
1.020544e+003,4.515524e+000
1.021509e+003,4.390122e+000
1.022473e+003,4.198758e+000
1.023437e+003,4.029553e+000
1.024401e+003,4.018350e+000
1.025366e+003,4.184823e+000
1.026330e+003,4.471847e+000
1.027294e+003,4.853312e+000
1.028258e+003,5.171835e+000
1.029223e+003,5.313542e+000
1.030187e+003,5.402281e+000
1.031151e+003,5.531792e+000
1.032115e+003,5.703676e+000
1.033080e+003,5.840118e+000
1.034044e+003,5.836072e+000
1.035008e+003,5.740920e+000
1.035972e+003,5.761805e+000
1.036937e+003,6.150541e+000
1.037901e+003,6.637223e+000
1.038865e+003,6.850586e+000
1.039829e+003,7.006524e+000
1.040793e+003,7.392081e+000
1.041758e+003,7.938498e+000
1.042722e+003,8.466624e+000
1.043686e+003,8.860797e+000
1.044650e+003,9.510895e+000
1.045615e+003,1.081168e+001
1.046579e+003,1.214219e+001
1.047543e+003,1.256456e+001
1.048507e+003,1.177865e+001
1.049471e+003,1.108067e+001
1.050436e+003,1.122658e+001
1.051400e+003,1.184454e+001
1.052364e+003,1.272861e+001
1.053328e+003,1.428426e+001
1.054293e+003,1.676202e+001
1.055257e+003,2.005459e+001
1.056221e+003,2.385640e+001
1.057185e+003,2.801744e+001
1.058150e+003,3.263280e+001
1.059114e+003,3.721239e+001
1.060078e+003,4.053458e+001
1.061042e+003,4.210727e+001
1.062007e+003,4.251685e+001
1.062971e+003,4.291243e+001
1.063935e+003,4.302908e+001
1.064899e+003,4.221727e+001
1.065864e+003,4.048306e+001
1.066828e+003,3.819241e+001
1.067792e+003,3.579802e+001
1.068756e+003,3.351984e+001
1.069720e+003,3.147898e+001
1.070685e+003,2.985169e+001
1.071649e+003,2.874716e+001
1.072613e+003,2.813896e+001
1.073577e+003,2.804748e+001
1.074542e+003,2.863742e+001
1.075506e+003,2.988420e+001
1.076470e+003,3.144808e+001
1.077434e+003,3.308064e+001
1.078398e+003,3.470195e+001
1.079363e+003,3.621838e+001
1.080327e+003,3.747500e+001
1.081291e+003,3.842628e+001
1.082255e+003,3.910404e+001
1.083220e+003,3.950446e+001
1.084184e+003,3.952274e+001
1.085148e+003,3.913087e+001
1.086112e+003,3.861245e+001
1.087077e+003,3.851196e+001
1.088041e+003,3.906430e+001
1.089005e+003,4.015642e+001
1.089969e+003,4.156335e+001
1.090934e+003,4.307769e+001
1.091898e+003,4.449763e+001
1.092862e+003,4.544485e+001
1.093826e+003,4.562456e+001
1.094791e+003,4.489583e+001
1.095755e+003,4.317393e+001
1.096719e+003,4.041080e+001
1.097683e+003,3.687576e+001
1.098647e+003,3.323201e+001
1.099612e+003,2.982463e+001
1.100576e+003,2.660768e+001
1.101540e+003,2.338317e+001
1.102504e+003,2.030510e+001
1.103469e+003,1.773591e+001
1.104433e+003,1.560953e+001
1.105397e+003,1.372320e+001
1.106361e+003,1.195219e+001
1.107325e+003,1.036185e+001
1.108290e+003,9.018392e+000
1.109254e+003,8.068083e+000
1.110218e+003,7.783389e+000
1.111182e+003,8.056633e+000
1.112147e+003,8.483154e+000
1.113111e+003,8.475693e+000
1.114075e+003,8.047964e+000
1.115039e+003,7.520293e+000
1.116004e+003,7.207882e+000
1.116968e+003,7.165328e+000
1.117932e+003,6.969774e+000
1.118896e+003,6.366532e+000
1.119860e+003,5.448019e+000
1.120825e+003,4.510032e+000
1.121789e+003,3.731470e+000
1.122753e+003,3.387382e+000
1.123717e+003,3.572919e+000
1.124682e+003,3.872698e+000
1.125646e+003,3.998288e+000
1.126610e+003,4.022240e+000
1.127574e+003,4.132519e+000
1.128539e+003,4.294267e+000
1.129503e+003,4.476098e+000
1.130467e+003,4.604249e+000
1.131431e+003,4.547073e+000
1.132396e+003,4.361630e+000
1.133360e+003,4.203366e+000
1.134324e+003,4.170831e+000
1.135288e+003,4.215457e+000
1.136252e+003,4.425815e+000
1.137217e+003,4.792121e+000
1.138181e+003,5.191256e+000
1.139145e+003,5.531677e+000
1.140109e+003,5.824776e+000
1.141074e+003,5.871476e+000
1.142038e+003,5.440461e+000
1.143002e+003,4.710900e+000
1.143966e+003,4.013535e+000
1.144931e+003,3.652178e+000
1.145895e+003,3.748646e+000
1.146859e+003,4.216856e+000
1.147823e+003,4.732299e+000
1.148787e+003,5.028481e+000
1.149752e+003,5.150227e+000
1.150716e+003,5.288461e+000
1.151680e+003,5.646018e+000
1.152644e+003,6.009499e+000
1.153609e+003,6.103255e+000
1.154573e+003,5.725332e+000
1.155537e+003,4.923810e+000
1.156501e+003,4.086311e+000
1.157466e+003,3.492126e+000
1.158430e+003,3.193191e+000
1.159394e+003,3.133846e+000
1.160358e+003,3.288198e+000
1.161323e+003,3.405330e+000
1.162287e+003,3.256433e+000
1.163251e+003,2.987449e+000
1.164215e+003,2.999345e+000
1.165179e+003,3.382378e+000
1.166144e+003,3.833408e+000
1.167108e+003,4.291099e+000
1.168072e+003,4.910533e+000
1.169036e+003,5.855519e+000
1.170001e+003,7.150896e+000
1.170965e+003,8.722517e+000
1.171929e+003,1.042258e+001
1.172893e+003,1.202901e+001
1.173858e+003,1.326664e+001
1.174822e+003,1.390627e+001
1.175786e+003,1.389327e+001
1.176750e+003,1.342692e+001
1.177714e+003,1.275113e+001
1.178679e+003,1.182604e+001
1.179643e+003,1.072148e+001
1.180607e+003,9.581913e+000
1.181571e+003,8.607750e+000
1.182536e+003,7.941857e+000
1.183500e+003,7.572575e+000
1.184464e+003,7.188776e+000
1.185428e+003,6.515466e+000
1.186393e+003,5.723665e+000
1.187357e+003,5.084611e+000
1.188321e+003,4.779561e+000
1.189285e+003,4.751591e+000
1.190250e+003,4.863313e+000
1.191214e+003,4.919646e+000
1.192178e+003,4.833415e+000
1.193142e+003,4.717317e+000
1.194106e+003,4.606654e+000
1.195071e+003,4.501412e+000
1.196035e+003,4.433342e+000
1.196999e+003,4.325009e+000
1.197963e+003,3.914634e+000
1.198928e+003,3.258522e+000
1.199892e+003,2.689943e+000
1.200856e+003,2.205575e+000
1.201820e+003,1.789549e+000
1.202785e+003,1.520221e+000
1.203749e+003,1.501277e+000
1.204713e+003,1.674768e+000
1.205677e+003,2.047569e+000
1.206641e+003,2.524222e+000
1.207606e+003,2.966874e+000
1.208570e+003,3.377866e+000
1.209534e+003,3.873548e+000
1.210498e+003,4.441546e+000
1.211463e+003,5.003840e+000
1.212427e+003,5.538182e+000
1.213391e+003,5.745430e+000
1.214355e+003,5.351897e+000
1.215320e+003,4.531281e+000
1.216284e+003,3.768991e+000
1.217248e+003,3.289941e+000
1.218212e+003,3.190971e+000
1.219177e+003,3.508627e+000
1.220141e+003,3.982888e+000
1.221105e+003,4.347039e+000
1.222069e+003,4.554287e+000
1.223033e+003,4.594119e+000
1.223998e+003,4.451969e+000
1.224962e+003,4.229545e+000
1.225926e+003,4.034456e+000
1.226890e+003,3.586526e+000
1.227855e+003,2.672083e+000
1.228819e+003,1.595788e+000
1.229783e+003,9.609118e-001
1.230747e+003,1.030754e+000
1.231712e+003,1.640144e+000
1.232676e+003,2.447531e+000
1.233640e+003,3.220836e+000
1.234604e+003,3.846841e+000
1.235568e+003,4.260620e+000
1.236533e+003,4.341914e+000
1.237497e+003,4.109920e+000
1.238461e+003,3.832489e+000
1.239425e+003,3.654076e+000
1.240390e+003,3.526182e+000
1.241354e+003,3.479270e+000
1.242318e+003,3.747465e+000
1.243282e+003,4.382974e+000
1.244247e+003,5.211017e+000
1.245211e+003,5.910501e+000
1.246175e+003,6.409822e+000
1.247139e+003,6.801025e+000
1.248104e+003,7.116571e+000
1.249068e+003,7.121714e+000
1.250032e+003,6.408030e+000
1.250996e+003,5.007953e+000
1.251960e+003,3.651881e+000
1.252925e+003,3.042817e+000
1.253889e+003,3.129940e+000
1.254853e+003,3.742841e+000
1.255817e+003,4.529140e+000
1.256782e+003,5.023818e+000
1.257746e+003,4.974390e+000
1.258710e+003,4.912621e+000
1.259674e+003,5.181795e+000
1.260639e+003,5.516329e+000
1.261603e+003,5.543626e+000
1.262567e+003,4.984512e+000
1.263531e+003,3.943260e+000
1.264495e+003,2.937935e+000
1.265460e+003,2.532372e+000
1.266424e+003,2.815607e+000
1.267388e+003,3.284671e+000
1.268352e+003,3.671817e+000
1.269317e+003,3.816444e+000
1.270281e+003,3.818228e+000
1.271245e+003,3.852944e+000
1.272209e+003,4.223854e+000
1.273174e+003,4.583107e+000
1.274138e+003,4.692139e+000
1.275102e+003,4.620803e+000
1.276066e+003,4.635567e+000
1.277031e+003,5.002342e+000
1.277995e+003,5.620703e+000
1.278959e+003,6.080792e+000
1.279923e+003,6.162460e+000
1.280887e+003,6.037000e+000
1.281852e+003,5.888117e+000
1.282816e+003,5.933492e+000
1.283780e+003,6.282897e+000
1.284744e+003,6.617308e+000
1.285709e+003,6.400101e+000
1.286673e+003,5.562850e+000
1.287637e+003,4.645642e+000
1.288601e+003,4.012133e+000
1.289566e+003,3.664778e+000
1.290530e+003,3.422898e+000
1.291494e+003,3.147307e+000
1.292458e+003,2.745998e+000
1.293422e+003,2.380335e+000
1.294387e+003,2.339420e+000
1.295351e+003,2.680155e+000
1.296315e+003,3.327678e+000
1.297279e+003,4.152336e+000
1.298244e+003,4.963816e+000
1.299208e+003,5.607710e+000
1.300172e+003,6.195411e+000
1.301136e+003,6.616050e+000
1.302101e+003,6.713763e+000
1.303065e+003,6.391468e+000
1.304029e+003,5.753167e+000
1.304993e+003,5.040250e+000
1.305958e+003,4.384473e+000
1.306922e+003,3.845636e+000
1.307886e+003,3.464079e+000
1.308850e+003,3.275640e+000
1.309814e+003,3.257948e+000
1.310779e+003,3.421729e+000
1.311743e+003,3.741776e+000
1.312707e+003,4.095980e+000
1.313671e+003,4.390009e+000
1.314636e+003,4.560675e+000
1.315600e+003,4.826412e+000
1.316564e+003,5.262980e+000
1.317528e+003,5.840670e+000
1.318493e+003,6.394266e+000
1.319457e+003,6.787485e+000
1.320421e+003,6.962894e+000
1.321385e+003,6.848841e+000
1.322349e+003,6.438101e+000
1.323314e+003,5.821401e+000
1.324278e+003,5.096209e+000
1.325242e+003,4.217717e+000
1.326206e+003,3.121113e+000
1.327171e+003,2.235987e+000
1.328135e+003,2.062150e+000
1.329099e+003,2.588551e+000
1.330063e+003,3.336060e+000
1.331028e+003,4.038550e+000
1.331992e+003,4.537570e+000
1.332956e+003,4.727415e+000
1.333920e+003,4.595798e+000
1.334885e+003,4.170226e+000
1.335849e+003,3.651373e+000
1.336813e+003,3.405098e+000
1.337777e+003,3.492701e+000
1.338741e+003,3.657983e+000
1.339706e+003,3.743649e+000
1.340670e+003,3.932997e+000
1.341634e+003,4.248779e+000
1.342598e+003,4.478662e+000
1.343563e+003,4.369791e+000
1.344527e+003,3.984913e+000
1.345491e+003,3.569995e+000
1.346455e+003,3.374317e+000
1.347420e+003,3.266050e+000
1.348384e+003,3.171742e+000
1.349348e+003,3.254591e+000
1.350312e+003,3.709669e+000
1.351276e+003,4.334550e+000
1.352241e+003,4.738874e+000
1.353205e+003,4.767875e+000
1.354169e+003,4.395366e+000
1.355133e+003,3.676732e+000
1.356098e+003,2.908388e+000
1.357062e+003,2.457956e+000
1.358026e+003,2.429158e+000
1.358990e+003,2.762909e+000
1.359955e+003,3.324521e+000
1.360919e+003,3.820858e+000
1.361883e+003,4.295553e+000
1.362847e+003,4.717041e+000
1.363812e+003,5.002384e+000
1.364776e+003,5.119774e+000
1.365740e+003,5.085002e+000
1.366704e+003,4.924206e+000
1.367668e+003,4.553736e+000
1.368633e+003,4.071683e+000
1.369597e+003,3.781735e+000
1.370561e+003,3.827624e+000
1.371525e+003,3.988554e+000
1.372490e+003,4.179094e+000
1.373454e+003,4.375434e+000
1.374418e+003,4.540616e+000
1.375382e+003,4.624748e+000
1.376346e+003,4.555683e+000
1.377311e+003,4.401627e+000
1.378275e+003,4.424797e+000
1.379239e+003,4.719773e+000
1.380203e+003,5.098377e+000
1.381168e+003,5.348191e+000
1.382132e+003,5.473096e+000
1.383096e+003,5.534472e+000
1.384060e+003,5.499112e+000
1.385025e+003,5.241359e+000
1.385989e+003,4.726998e+000
1.386953e+003,4.134317e+000
1.387917e+003,3.791794e+000
1.388882e+003,3.660533e+000
1.389846e+003,3.650127e+000
1.390810e+003,3.712259e+000
1.391774e+003,3.916650e+000
1.392739e+003,4.205129e+000
1.393703e+003,4.289336e+000
1.394667e+003,4.049123e+000
1.395631e+003,3.723663e+000
1.396595e+003,3.587251e+000
1.397560e+003,3.584994e+000
1.398524e+003,3.573601e+000
1.399488e+003,3.572867e+000
1.400452e+003,3.709780e+000
1.401417e+003,3.949625e+000
1.402381e+003,4.074014e+000
1.403345e+003,4.046088e+000
1.404309e+003,3.986072e+000
1.405273e+003,3.977818e+000
1.406238e+003,3.939350e+000
1.407202e+003,3.723577e+000
1.408166e+003,3.453042e+000
1.409130e+003,3.316965e+000
1.410095e+003,3.342208e+000
1.411059e+003,3.391301e+000
1.412023e+003,3.383502e+000
1.412987e+003,3.260070e+000
1.413952e+003,2.974956e+000
1.414916e+003,2.709716e+000
1.415880e+003,2.787127e+000
1.416844e+003,3.238280e+000
1.417809e+003,3.885971e+000
1.418773e+003,4.527280e+000
1.419737e+003,5.116950e+000
1.420701e+003,5.605820e+000
1.421666e+003,5.860212e+000
1.422630e+003,5.704861e+000
1.423594e+003,5.258185e+000
1.424558e+003,4.787350e+000
1.425522e+003,4.376088e+000
1.426487e+003,3.975750e+000
1.427451e+003,3.547700e+000
1.428415e+003,3.264839e+000
1.429379e+003,3.232582e+000
1.430344e+003,3.203505e+000
1.431308e+003,2.900203e+000
1.432272e+003,2.416203e+000
1.433236e+003,2.042125e+000
1.434200e+003,1.896526e+000
1.435165e+003,2.089186e+000
1.436129e+003,2.649883e+000
1.437093e+003,3.531673e+000
1.438057e+003,4.625328e+000
1.439022e+003,5.668706e+000
1.439986e+003,6.406825e+000
1.440950e+003,6.841228e+000
1.441914e+003,7.145867e+000
1.442879e+003,7.323950e+000
1.443843e+003,7.117965e+000
1.444807e+003,6.491971e+000
1.445771e+003,5.759193e+000
1.446736e+003,5.217761e+000
1.447700e+003,4.941778e+000
1.448664e+003,4.926000e+000
1.449628e+003,4.992661e+000
1.450593e+003,4.844431e+000
1.451557e+003,4.468352e+000
1.452521e+003,4.143065e+000
1.453485e+003,4.149611e+000
1.454449e+003,4.258696e+000
1.455414e+003,4.295199e+000
1.456378e+003,4.208175e+000
1.457342e+003,3.972509e+000
1.458306e+003,3.817226e+000
1.459271e+003,4.116216e+000
1.460235e+003,4.837744e+000
1.461199e+003,5.638041e+000
1.462163e+003,6.264088e+000
1.463127e+003,6.604810e+000
1.464092e+003,6.625356e+000
1.465056e+003,6.600589e+000
1.466020e+003,6.786240e+000
1.466984e+003,7.150238e+000
1.467949e+003,7.406880e+000
1.468913e+003,7.479231e+000
1.469877e+003,6.921755e+000
1.470841e+003,5.717580e+000
1.471806e+003,4.442239e+000
1.472770e+003,3.654098e+000
1.473734e+003,3.279930e+000
1.474698e+003,3.123771e+000
1.475663e+003,3.197594e+000
1.476627e+003,3.580526e+000
1.477591e+003,4.233524e+000
1.478555e+003,5.036427e+000
1.479520e+003,5.896345e+000
1.480484e+003,6.837619e+000
1.481448e+003,7.801170e+000
1.482412e+003,8.442243e+000
1.483376e+003,8.538399e+000
1.484341e+003,8.112972e+000
1.485305e+003,7.213577e+000
1.486269e+003,6.021325e+000
1.487233e+003,4.713032e+000
1.488198e+003,3.501490e+000
1.489162e+003,2.478659e+000
1.490126e+003,1.678585e+000
1.491090e+003,1.066496e+000
1.492054e+003,5.968637e-001
1.493019e+003,4.165173e-001
1.493983e+003,7.324941e-001
1.494947e+003,1.547402e+000
1.495911e+003,2.801000e+000
1.496876e+003,4.265730e+000
1.497840e+003,5.216863e+000
1.498804e+003,5.359076e+000
1.499768e+003,5.209433e+000
1.500733e+003,5.149951e+000
1.501697e+003,5.145204e+000
1.502661e+003,5.034968e+000
1.503625e+003,4.867469e+000
1.504590e+003,4.797720e+000
1.505554e+003,4.805345e+000
1.506518e+003,4.775105e+000
1.507482e+003,4.644383e+000
1.508447e+003,4.502928e+000
1.509411e+003,4.394068e+000
1.510375e+003,4.471749e+000
1.511339e+003,4.818166e+000
1.512303e+003,5.273203e+000
1.513268e+003,5.647835e+000
1.514232e+003,5.819804e+000
1.515196e+003,5.762259e+000
1.516160e+003,5.520150e+000
1.517125e+003,5.199353e+000
1.518089e+003,4.832387e+000
1.519053e+003,4.487151e+000
1.520017e+003,4.228394e+000
1.520981e+003,3.914946e+000
1.521946e+003,3.526937e+000
1.522910e+003,3.252919e+000
1.523874e+003,3.583457e+000
1.524838e+003,4.396191e+000
1.525803e+003,5.117859e+000
1.526767e+003,5.379125e+000
1.527731e+003,5.211474e+000
1.528695e+003,4.679719e+000
1.529660e+003,3.947798e+000
1.530624e+003,3.183064e+000
1.531588e+003,2.476049e+000
1.532552e+003,1.957635e+000
1.533517e+003,1.559043e+000
1.534481e+003,1.014816e+000
1.535445e+003,4.322870e-001
1.536409e+003,3.198431e-001
1.537374e+003,9.626939e-001
1.538338e+003,1.725605e+000
1.539302e+003,2.127522e+000
1.540266e+003,2.350514e+000
1.541230e+003,2.614443e+000
1.542195e+003,3.054389e+000
1.543159e+003,3.843133e+000
1.544123e+003,4.813251e+000
1.545087e+003,5.634431e+000
1.546052e+003,6.136526e+000
1.547016e+003,6.358720e+000
1.547980e+003,6.379725e+000
1.548944e+003,6.321823e+000
1.549908e+003,6.265330e+000
1.550873e+003,6.279560e+000
1.551837e+003,6.257600e+000
1.552801e+003,6.256052e+000
1.553765e+003,6.438288e+000
1.554730e+003,6.949633e+000
1.555694e+003,7.934126e+000
1.556658e+003,9.470630e+000
1.557622e+003,1.146094e+001
1.558587e+003,1.377914e+001
1.559551e+003,1.629086e+001
1.560515e+003,1.888309e+001
1.561479e+003,2.153100e+001
1.562444e+003,2.427350e+001
1.563408e+003,2.703263e+001
1.564372e+003,2.982051e+001
1.565336e+003,3.227772e+001
1.566301e+003,3.367249e+001
1.567265e+003,3.365473e+001
1.568229e+003,3.279766e+001
1.569193e+003,3.147619e+001
1.570157e+003,2.951432e+001
1.571122e+003,2.683561e+001
1.572086e+003,2.373241e+001
1.573050e+003,2.067384e+001
1.574014e+003,1.776899e+001
1.574979e+003,1.493153e+001
1.575943e+003,1.241528e+001
1.576907e+003,1.065931e+001
1.577871e+003,9.780992e+000
1.578835e+003,8.814498e+000
1.579800e+003,7.393332e+000
1.580764e+003,6.331905e+000
1.581728e+003,6.644553e+000
1.582692e+003,7.499220e+000
1.583657e+003,7.467204e+000
1.584621e+003,6.867956e+000
1.585585e+003,6.632783e+000
1.586549e+003,6.848706e+000
1.587514e+003,6.466251e+000
1.588478e+003,5.262861e+000
1.589442e+003,4.236954e+000
1.590406e+003,3.977584e+000
1.591371e+003,3.975777e+000
1.592335e+003,3.351150e+000
1.593299e+003,2.721318e+000
1.594263e+003,2.939635e+000
1.595228e+003,3.873531e+000
1.596192e+003,4.393889e+000
1.597156e+003,4.229600e+000
1.598120e+003,4.252257e+000
1.599084e+003,4.701073e+000
1.600049e+003,5.138529e+000
1.601013e+003,5.141096e+000
1.601977e+003,5.053770e+000
1.602941e+003,5.347780e+000
1.603906e+003,5.893518e+000
1.604870e+003,6.339750e+000
1.605834e+003,6.613584e+000
1.606798e+003,6.972275e+000
1.607762e+003,7.354626e+000
1.608727e+003,7.566286e+000
1.609691e+003,7.469467e+000
1.610655e+003,7.021344e+000
1.611619e+003,6.266529e+000
1.612584e+003,5.453701e+000
1.613548e+003,4.759262e+000
1.614512e+003,4.086239e+000
1.615476e+003,3.250359e+000
1.616441e+003,2.463558e+000
1.617405e+003,2.020682e+000
1.618369e+003,2.090024e+000
1.619333e+003,2.784852e+000
1.620298e+003,3.895365e+000
1.621262e+003,4.923614e+000
1.622226e+003,5.581184e+000
1.623190e+003,5.751276e+000
1.624155e+003,5.447928e+000
1.625119e+003,4.927394e+000
1.626083e+003,4.481883e+000
1.627047e+003,4.180034e+000
1.628011e+003,4.015547e+000
1.628976e+003,3.967154e+000
1.629940e+003,4.161006e+000
1.630904e+003,4.602316e+000
1.631868e+003,5.203469e+000
1.632833e+003,5.817061e+000
1.633797e+003,6.039260e+000
1.634761e+003,5.643209e+000
1.635725e+003,5.039394e+000
1.636689e+003,4.617078e+000
1.637654e+003,4.273567e+000
1.638618e+003,4.004945e+000
1.639582e+003,3.833322e+000
1.640546e+003,3.736069e+000
1.641511e+003,3.723909e+000
1.642475e+003,3.704236e+000
1.643439e+003,3.601941e+000
1.644403e+003,3.369556e+000
1.645368e+003,2.949528e+000
1.646332e+003,2.207780e+000
1.647296e+003,1.228752e+000
1.648260e+003,5.024378e-001
1.649225e+003,4.790378e-001
1.650189e+003,8.814275e-001
1.651153e+003,1.039327e+000
1.652117e+003,1.117288e+000
1.653082e+003,1.353963e+000
1.654046e+003,1.794213e+000
1.655010e+003,2.475731e+000
1.655974e+003,3.270280e+000
1.656938e+003,3.852257e+000
1.657903e+003,4.141122e+000
1.658867e+003,4.263625e+000
1.659831e+003,4.274277e+000
1.660795e+003,4.124610e+000
1.661760e+003,3.930836e+000
1.662724e+003,3.853869e+000
1.663688e+003,3.863980e+000
1.664652e+003,3.808646e+000
1.665616e+003,3.765298e+000
1.666581e+003,3.826182e+000
1.667545e+003,3.993733e+000
1.668509e+003,4.250360e+000
1.669473e+003,4.557707e+000
1.670438e+003,4.766343e+000
1.671402e+003,4.715158e+000
1.672366e+003,4.523989e+000
1.673330e+003,4.405256e+000
1.674295e+003,4.420560e+000
1.675259e+003,4.569842e+000
1.676223e+003,4.987519e+000
1.677187e+003,5.603774e+000
1.678152e+003,6.123925e+000
1.679116e+003,6.271621e+000
1.680080e+003,5.943984e+000
1.681044e+003,5.432509e+000
1.682009e+003,5.230682e+000
1.682973e+003,5.393325e+000
1.683937e+003,5.432444e+000
1.684901e+003,4.954827e+000
1.685865e+003,4.051826e+000
1.686830e+003,3.088781e+000
1.687794e+003,2.430275e+000
1.688758e+003,2.128526e+000
1.689722e+003,2.255677e+000
1.690687e+003,2.867933e+000
1.691651e+003,3.630973e+000
1.692615e+003,4.056240e+000
1.693579e+003,3.932537e+000
1.694543e+003,3.494394e+000
1.695508e+003,3.258968e+000
1.696472e+003,3.594927e+000
1.697436e+003,4.311327e+000
1.698400e+003,4.674123e+000
1.699365e+003,4.279306e+000
1.700329e+003,3.338724e+000
1.701293e+003,2.286727e+000
1.702257e+003,1.460709e+000
1.703222e+003,9.589386e-001
1.704186e+003,8.137705e-001
1.705150e+003,8.228440e-001
1.706114e+003,7.738805e-001
1.707079e+003,5.765946e-001
1.708043e+003,2.360809e-001
1.709007e+003,1.479712e-001
1.709971e+003,6.689107e-001
1.710936e+003,1.481371e+000
1.711900e+003,1.988174e+000
1.712864e+003,2.200847e+000
1.713828e+003,2.294372e+000
1.714792e+003,2.427064e+000
1.715757e+003,2.765399e+000
1.716721e+003,3.194995e+000
1.717685e+003,3.447638e+000
1.718649e+003,3.714247e+000
1.719614e+003,4.036309e+000
1.720578e+003,4.394312e+000
1.721542e+003,4.790069e+000
1.722506e+003,4.988782e+000
1.723470e+003,4.620665e+000
1.724435e+003,3.928715e+000
1.725399e+003,3.529278e+000
1.726363e+003,3.648737e+000
1.727327e+003,3.739183e+000
1.728292e+003,3.500521e+000
1.729256e+003,2.983989e+000
1.730220e+003,2.201442e+000
1.731184e+003,1.327401e+000
1.732149e+003,8.126221e-001
1.733113e+003,1.141212e+000
1.734077e+003,2.562302e+000
1.735041e+003,4.446921e+000
1.736005e+003,5.606538e+000
1.736970e+003,5.589826e+000
1.737934e+003,5.083425e+000
1.738898e+003,4.713758e+000
1.739862e+003,4.450125e+000
1.740827e+003,3.835433e+000
1.741791e+003,2.902757e+000
1.742755e+003,1.981695e+000
1.743719e+003,1.376859e+000
1.744684e+003,1.287098e+000
1.745648e+003,1.600341e+000
1.746612e+003,2.286264e+000
1.747576e+003,3.405176e+000
1.748541e+003,4.390920e+000
1.749505e+003,4.680289e+000
1.750469e+003,4.247102e+000
1.751433e+003,3.431331e+000
1.752397e+003,2.624293e+000
1.753362e+003,2.066006e+000
1.754326e+003,1.699327e+000
1.755290e+003,1.408105e+000
1.756254e+003,1.393526e+000
1.757219e+003,1.764831e+000
1.758183e+003,2.267138e+000
1.759147e+003,2.526551e+000
1.760111e+003,2.410007e+000
1.761075e+003,2.272906e+000
1.762040e+003,2.421354e+000
1.763004e+003,2.774282e+000
1.763968e+003,3.103556e+000
1.764932e+003,3.467379e+000
1.765897e+003,3.881961e+000
1.766861e+003,4.292653e+000
1.767825e+003,4.489225e+000
1.768789e+003,4.207753e+000
1.769754e+003,3.669669e+000
1.770718e+003,3.587599e+000
1.771682e+003,4.001586e+000
1.772646e+003,4.534745e+000
1.773611e+003,4.878364e+000
1.774575e+003,4.842731e+000
1.775539e+003,4.695981e+000
1.776503e+003,4.810311e+000
1.777468e+003,5.228387e+000
1.778432e+003,5.739518e+000
1.779396e+003,6.140581e+000
1.780360e+003,6.268048e+000
1.781324e+003,5.886745e+000
1.782289e+003,4.995872e+000
1.783253e+003,4.132154e+000
1.784217e+003,3.927968e+000
1.785181e+003,4.123363e+000
1.786146e+003,4.238517e+000
1.787110e+003,3.979734e+000
1.788074e+003,3.257559e+000
1.789038e+003,2.533659e+000
1.790002e+003,2.337900e+000
1.790967e+003,2.575963e+000
1.791931e+003,2.929600e+000
1.792895e+003,3.220431e+000
1.793859e+003,3.354042e+000
1.794824e+003,3.415069e+000
1.795788e+003,3.448473e+000
1.796752e+003,3.444891e+000
1.797716e+003,3.497345e+000
1.798681e+003,3.594569e+000
1.799645e+003,3.569631e+000
1.800609e+003,3.340660e+000
1.801573e+003,3.030192e+000
1.802538e+003,2.832834e+000
1.803502e+003,2.657321e+000
1.804466e+003,2.479116e+000
1.805430e+003,2.466416e+000
1.806395e+003,2.711317e+000
1.807359e+003,3.245502e+000
1.808323e+003,4.120592e+000
1.809287e+003,5.049302e+000
1.810251e+003,5.803161e+000
1.811216e+003,6.587205e+000
1.812180e+003,7.672905e+000
1.813144e+003,8.276794e+000
1.814108e+003,7.898144e+000
1.815073e+003,6.766859e+000
1.816037e+003,5.393607e+000
1.817001e+003,4.010894e+000
1.817965e+003,2.857955e+000
1.818929e+003,2.111376e+000
1.819894e+003,1.734734e+000
1.820858e+003,1.730437e+000
1.821822e+003,2.257190e+000
1.822786e+003,3.033183e+000
1.823751e+003,3.753184e+000
1.824715e+003,4.509227e+000
1.825679e+003,5.290198e+000
1.826643e+003,5.346440e+000
1.827608e+003,4.831501e+000
1.828572e+003,4.345563e+000
1.829536e+003,4.339918e+000
1.830500e+003,4.948549e+000
1.831465e+003,5.556418e+000
1.832429e+003,5.806025e+000
1.833393e+003,5.797963e+000
1.834357e+003,5.862506e+000
1.835322e+003,5.957353e+000
1.836286e+003,5.470682e+000
1.837250e+003,4.344060e+000
1.838214e+003,3.046509e+000
1.839178e+003,1.991002e+000
1.840143e+003,1.291608e+000
1.841107e+003,9.395485e-001
1.842071e+003,8.706412e-001
1.843035e+003,1.298208e+000
1.844000e+003,2.432570e+000
1.844964e+003,3.682851e+000
1.845928e+003,4.807327e+000
1.846892e+003,5.878911e+000
1.847856e+003,6.943295e+000
1.848821e+003,7.797149e+000
1.849785e+003,8.119864e+000
1.850749e+003,8.084338e+000
1.851713e+003,7.692958e+000
1.852678e+003,6.805329e+000
1.853642e+003,5.793356e+000
1.854606e+003,5.011649e+000
1.855570e+003,4.362677e+000
1.856535e+003,4.021236e+000
1.857499e+003,4.153927e+000
1.858463e+003,4.411591e+000
1.859427e+003,4.785181e+000
1.860392e+003,5.685488e+000
1.861356e+003,6.975528e+000
1.862320e+003,8.016163e+000
1.863284e+003,8.260946e+000
1.864249e+003,7.678418e+000
1.865213e+003,6.442321e+000
1.866177e+003,4.998316e+000
1.867141e+003,3.999890e+000
1.868105e+003,3.455681e+000
1.869070e+003,3.083107e+000
1.870034e+003,3.153653e+000
1.870998e+003,3.872209e+000
1.871962e+003,4.424196e+000
1.872927e+003,4.601670e+000
1.873891e+003,4.970629e+000
1.874855e+003,5.461667e+000
1.875819e+003,5.663064e+000
1.876783e+003,5.479629e+000
1.877748e+003,5.004969e+000
1.878712e+003,4.383934e+000
1.879676e+003,3.950136e+000
1.880640e+003,4.003312e+000
1.881605e+003,4.362803e+000
1.882569e+003,4.852187e+000
1.883533e+003,5.669295e+000
1.884497e+003,6.618452e+000
1.885462e+003,6.822460e+000
1.886426e+003,6.294865e+000
1.887390e+003,5.808861e+000
1.888354e+003,5.469897e+000
1.889319e+003,5.036421e+000
1.890283e+003,4.496108e+000
1.891247e+003,3.988066e+000
1.892211e+003,3.642464e+000
1.893176e+003,3.648141e+000
1.894140e+003,3.916153e+000
1.895104e+003,4.020750e+000
1.896068e+003,3.734432e+000
1.897032e+003,3.387567e+000
1.897997e+003,3.531928e+000
1.898961e+003,4.528664e+000
1.899925e+003,5.461935e+000
1.900889e+003,5.820633e+000
1.901854e+003,5.948473e+000
1.902818e+003,6.253105e+000
1.903782e+003,6.773742e+000
1.904746e+003,7.341411e+000
1.905710e+003,7.841916e+000
1.906675e+003,8.160650e+000
1.907639e+003,8.074936e+000
1.908603e+003,7.387883e+000
1.909567e+003,6.347025e+000
1.910532e+003,5.627501e+000
1.911496e+003,5.652860e+000
1.912460e+003,6.099473e+000
1.913424e+003,5.912664e+000
1.914389e+003,5.222438e+000
1.915353e+003,4.634623e+000
1.916317e+003,4.164623e+000
1.917281e+003,3.633543e+000
1.918246e+003,3.284279e+000
1.919210e+003,3.321881e+000
1.920174e+003,3.748544e+000
1.921138e+003,4.409524e+000
1.922103e+003,5.088297e+000
1.923067e+003,5.953189e+000
1.924031e+003,7.090912e+000
1.924995e+003,8.172871e+000
1.925959e+003,8.941640e+000
1.926924e+003,9.383505e+000
1.927888e+003,9.523356e+000
1.928852e+003,9.261287e+000
1.929816e+003,8.654006e+000
1.930781e+003,8.114791e+000
1.931745e+003,7.740943e+000
1.932709e+003,7.199166e+000
1.933673e+003,6.589572e+000
1.934637e+003,6.076755e+000
1.935602e+003,5.616463e+000
1.936566e+003,5.232983e+000
1.937530e+003,4.893593e+000
1.938494e+003,4.504284e+000
1.939459e+003,4.108673e+000
1.940423e+003,3.871136e+000
1.941387e+003,3.832699e+000
1.942351e+003,3.946986e+000
1.943316e+003,4.240258e+000
1.944280e+003,4.671906e+000
1.945244e+003,4.843021e+000
1.946208e+003,4.530406e+000
1.947173e+003,4.128911e+000
1.948137e+003,4.005968e+000
1.949101e+003,4.244450e+000
1.950065e+003,4.856572e+000
1.951030e+003,5.639884e+000
1.951994e+003,6.071982e+000
1.952958e+003,5.944521e+000
1.953922e+003,6.087639e+000
1.954886e+003,6.856003e+000
1.955851e+003,7.457895e+000
1.956815e+003,7.401782e+000
1.957779e+003,6.972291e+000
1.958743e+003,6.559718e+000
1.959708e+003,6.076460e+000
1.960672e+003,5.703603e+000
1.961636e+003,5.700356e+000
1.962600e+003,6.083387e+000
1.963564e+003,6.780123e+000
1.964529e+003,7.522311e+000
1.965493e+003,7.935156e+000
1.966457e+003,8.226158e+000
1.967421e+003,9.086640e+000
1.968386e+003,1.015614e+001
1.969350e+003,1.045605e+001
1.970314e+003,1.001728e+001
1.971278e+003,9.340050e+000
1.972243e+003,8.457023e+000
1.973207e+003,7.314723e+000
1.974171e+003,6.326233e+000
1.975135e+003,5.620862e+000
1.976100e+003,5.066139e+000
1.977064e+003,4.693151e+000
1.978028e+003,4.624437e+000
1.978992e+003,4.833905e+000
1.979957e+003,5.271929e+000
1.980921e+003,5.794757e+000
1.981885e+003,5.840214e+000
1.982849e+003,5.348028e+000
1.983813e+003,4.950130e+000
1.984778e+003,4.943008e+000
1.985742e+003,4.984392e+000
1.986706e+003,5.165485e+000
1.987670e+003,5.497040e+000
1.988635e+003,5.730628e+000
1.989599e+003,6.039008e+000
1.990563e+003,6.695951e+000
1.991527e+003,7.477036e+000
1.992491e+003,8.064058e+000
1.993456e+003,8.261059e+000
1.994420e+003,6.687241e+000
1.995384e+003,9.108650e+000
1.996348e+003,8.793028e+000
1.997313e+003,5.548929e+000
1.998277e+003,3.633511e+000
1.999241e+003,3.294863e+000
2.000205e+003,3.773213e+000
