5.001387e+002,5.839523e+000
5.011029e+002,4.940225e+000
5.020672e+002,6.507092e+000
5.030314e+002,7.322517e+000
5.039956e+002,6.718418e+000
5.049599e+002,5.647500e+000
5.059241e+002,4.745814e+000
5.068883e+002,4.766788e+000
5.078526e+002,4.311892e+000
5.088168e+002,3.732033e+000
5.097810e+002,3.434400e+000
5.107453e+002,3.370702e+000
5.117095e+002,3.262397e+000
5.126737e+002,2.881170e+000
5.136379e+002,2.377517e+000
5.146022e+002,1.993838e+000
5.155664e+002,1.809030e+000
5.165306e+002,1.793817e+000
5.174949e+002,1.895237e+000
5.184591e+002,2.025391e+000
5.194233e+002,2.034587e+000
5.203876e+002,1.770896e+000
5.213518e+002,1.600051e+000
5.223160e+002,2.003508e+000
5.232803e+002,2.917908e+000
5.242445e+002,3.809947e+000
5.252087e+002,4.259531e+000
5.261730e+002,4.270304e+000
5.271372e+002,4.145974e+000
5.281014e+002,4.052185e+000
5.290657e+002,3.984415e+000
5.300299e+002,3.900768e+000
5.309941e+002,3.695002e+000
5.319584e+002,3.089216e+000
5.329226e+002,1.911203e+000
5.338868e+002,6.352711e-001
5.348511e+002,1.055984e-001
5.358153e+002,4.885883e-001
5.367795e+002,1.215379e+000
5.377438e+002,1.696444e+000
5.387080e+002,1.989524e+000
5.396722e+002,2.441997e+000
5.406365e+002,3.120149e+000
5.416007e+002,3.882542e+000
5.425649e+002,4.549303e+000
5.435292e+002,4.937483e+000
5.444934e+002,4.808440e+000
5.454576e+002,3.966821e+000
5.464219e+002,2.738622e+000
5.473861e+002,1.789747e+000
5.483503e+002,1.371799e+000
5.493146e+002,1.237274e+000
5.502788e+002,1.104471e+000
5.512430e+002,1.013931e+000
5.522073e+002,1.324302e+000
5.531715e+002,2.135169e+000
5.541357e+002,3.222409e+000
5.551000e+002,4.298176e+000
5.560642e+002,5.163826e+000
5.570284e+002,5.696029e+000
5.579927e+002,5.854357e+000
5.589569e+002,5.766072e+000
5.599211e+002,5.725574e+000
5.608854e+002,5.837615e+000
5.618496e+002,5.864260e+000
5.628138e+002,5.476061e+000
5.637781e+002,4.921721e+000
5.647423e+002,4.598196e+000
5.657065e+002,4.597522e+000
5.666708e+002,4.700499e+000
5.676350e+002,4.588027e+000
5.685992e+002,4.249422e+000
5.695635e+002,3.892588e+000
5.705277e+002,3.630316e+000
5.714919e+002,3.524865e+000
5.724562e+002,3.636836e+000
5.734204e+002,3.928190e+000
5.743846e+002,4.138692e+000
5.753489e+002,3.966256e+000
5.763131e+002,3.483256e+000
5.772773e+002,3.104641e+000
5.782416e+002,2.995869e+000
5.792058e+002,3.070597e+000
5.801700e+002,3.239947e+000
5.811343e+002,3.287526e+000
5.820985e+002,3.153833e+000
5.830627e+002,2.970709e+000
5.840270e+002,2.933567e+000
5.849912e+002,3.258482e+000
5.859554e+002,3.969130e+000
5.869197e+002,4.742878e+000
5.878839e+002,5.286985e+000
5.888481e+002,5.481556e+000
5.898124e+002,5.322443e+000
5.907766e+002,4.882596e+000
5.917408e+002,4.518177e+000
5.927051e+002,4.571113e+000
5.936693e+002,4.987654e+000
5.946335e+002,5.337618e+000
5.955978e+002,5.387122e+000
5.965620e+002,5.325905e+000
5.975262e+002,5.482697e+000
5.984905e+002,5.962989e+000
5.994547e+002,6.551834e+000
6.004189e+002,6.930296e+000
6.013832e+002,7.011555e+000
6.023474e+002,6.745929e+000
6.033116e+002,6.171430e+000
6.042759e+002,5.569553e+000
6.052401e+002,5.276268e+000
6.062043e+002,5.315755e+000
6.071686e+002,5.494855e+000
6.081328e+002,5.705348e+000
6.090970e+002,5.912560e+000
6.100613e+002,6.101369e+000
6.110255e+002,6.259564e+000
6.119897e+002,6.347008e+000
6.129540e+002,6.318568e+000
6.139182e+002,6.160202e+000
6.148824e+002,5.872702e+000
6.158467e+002,5.466400e+000
6.168109e+002,4.932635e+000
6.177751e+002,4.334771e+000
6.187394e+002,3.830895e+000
6.197036e+002,3.508823e+000
6.206678e+002,3.458901e+000
6.216321e+002,3.759821e+000
6.225963e+002,4.542754e+000
6.235605e+002,5.485106e+000
6.245248e+002,6.220296e+000
6.254890e+002,6.635416e+000
6.264532e+002,6.847520e+000
6.274175e+002,7.006117e+000
6.283817e+002,7.151832e+000
6.293459e+002,7.245612e+000
6.303102e+002,7.202647e+000
6.312744e+002,6.961051e+000
6.322386e+002,6.596472e+000
6.332029e+002,6.197060e+000
6.341671e+002,5.967836e+000
6.351313e+002,6.056903e+000
6.360956e+002,6.427434e+000
6.370598e+002,6.683734e+000
6.380240e+002,6.689344e+000
6.389883e+002,6.583244e+000
6.399525e+002,6.550907e+000
6.409167e+002,6.759554e+000
6.418810e+002,7.273835e+000
6.428452e+002,8.085005e+000
6.438094e+002,9.085085e+000
6.447737e+002,1.010354e+001
6.457379e+002,1.113151e+001
6.467021e+002,1.234843e+001
6.476664e+002,1.389099e+001
6.486306e+002,1.559810e+001
6.495948e+002,1.728217e+001
6.505591e+002,1.884625e+001
6.515233e+002,2.022069e+001
6.524875e+002,2.133874e+001
6.534518e+002,2.240998e+001
6.544160e+002,2.370842e+001
6.553802e+002,2.539692e+001
6.563445e+002,2.755551e+001
6.573087e+002,3.027751e+001
6.582729e+002,3.340649e+001
6.592372e+002,3.672486e+001
6.602014e+002,4.033486e+001
6.611656e+002,4.443278e+001
6.621299e+002,4.905613e+001
6.630941e+002,5.414836e+001
6.640583e+002,5.959815e+001
6.650226e+002,6.528785e+001
6.659868e+002,7.096821e+001
6.669510e+002,7.656342e+001
6.679153e+002,8.218889e+001
6.688795e+002,8.815653e+001
6.698438e+002,9.467858e+001
6.708080e+002,1.011237e+002
6.717722e+002,1.067616e+002
6.727365e+002,1.112447e+002
6.737007e+002,1.147456e+002
6.746649e+002,1.174795e+002
6.756292e+002,1.193997e+002
6.765934e+002,1.203090e+002
6.775576e+002,1.201928e+002
6.785219e+002,1.191261e+002
6.794861e+002,1.171939e+002
6.804503e+002,1.148054e+002
6.814146e+002,1.127271e+002
6.823788e+002,1.113374e+002
6.833430e+002,1.101454e+002
6.843073e+002,1.082636e+002
6.852715e+002,1.055000e+002
6.862357e+002,1.018658e+002
6.872000e+002,9.739333e+001
6.881642e+002,9.211505e+001
6.891284e+002,8.607977e+001
6.900927e+002,7.940701e+001
6.910569e+002,7.238531e+001
6.920211e+002,6.533086e+001
6.929854e+002,5.861847e+001
6.939496e+002,5.266891e+001
6.949138e+002,4.752557e+001
6.958781e+002,4.275914e+001
6.968423e+002,3.796661e+001
6.978065e+002,3.332040e+001
6.987708e+002,2.914715e+001
6.997350e+002,2.560988e+001
7.006992e+002,2.270358e+001
7.016635e+002,2.038325e+001
7.026277e+002,1.853115e+001
7.035919e+002,1.698298e+001
7.045562e+002,1.565275e+001
7.055204e+002,1.459040e+001
7.064846e+002,1.384933e+001
7.074489e+002,1.323910e+001
7.084131e+002,1.236733e+001
7.093773e+002,1.112932e+001
7.103416e+002,9.846350e+000
7.113058e+002,8.900636e+000
7.122700e+002,8.360798e+000
7.132343e+002,8.106437e+000
7.141985e+002,8.057464e+000
7.151627e+002,8.196088e+000
7.161270e+002,8.481459e+000
7.170912e+002,8.787390e+000
7.180554e+002,8.988670e+000
7.190197e+002,9.100215e+000
7.199839e+002,9.153680e+000
7.209481e+002,9.063339e+000
7.219124e+002,8.777714e+000
7.228766e+002,8.310177e+000
7.238408e+002,7.788714e+000
7.248051e+002,7.421883e+000
7.257693e+002,7.253268e+000
7.267335e+002,7.240296e+000
7.276978e+002,7.299207e+000
7.286620e+002,7.374413e+000
7.296262e+002,7.383099e+000
7.305905e+002,7.163188e+000
7.315547e+002,6.688469e+000
7.325189e+002,6.081312e+000
7.334832e+002,5.493160e+000
7.344474e+002,5.163089e+000
7.354116e+002,5.264856e+000
7.363759e+002,5.600339e+000
7.373401e+002,6.005083e+000
7.383043e+002,6.489057e+000
7.392686e+002,6.970137e+000
7.402328e+002,7.260876e+000
7.411970e+002,7.238973e+000
7.421613e+002,6.930234e+000
7.431255e+002,6.366758e+000
7.440897e+002,5.564327e+000
7.450540e+002,4.592813e+000
7.460182e+002,3.558536e+000
7.469824e+002,2.666253e+000
7.479467e+002,2.209799e+000
7.489109e+002,2.298874e+000
7.498751e+002,2.664772e+000
7.508394e+002,3.144250e+000
7.518036e+002,3.753024e+000
7.527678e+002,4.628005e+000
7.537321e+002,5.471616e+000
7.546963e+002,6.005107e+000
7.556605e+002,6.203501e+000
7.566248e+002,6.179163e+000
7.575890e+002,6.012722e+000
7.585532e+002,5.739371e+000
7.595175e+002,5.423772e+000
7.604817e+002,5.089783e+000
7.614459e+002,4.743981e+000
7.624102e+002,4.453492e+000
7.633744e+002,4.308767e+000
7.643386e+002,4.432773e+000
7.653029e+002,4.825724e+000
7.662671e+002,5.280217e+000
7.672313e+002,5.344930e+000
7.681956e+002,5.040670e+000
7.691598e+002,4.721058e+000
7.701240e+002,4.645470e+000
7.710883e+002,4.796829e+000
7.720525e+002,5.101430e+000
7.730167e+002,5.486962e+000
7.739810e+002,5.833709e+000
7.749452e+002,6.054584e+000
7.759094e+002,6.152207e+000
7.768737e+002,6.170839e+000
7.778379e+002,6.159120e+000
7.788021e+002,6.076145e+000
7.797664e+002,5.847188e+000
7.807306e+002,5.455448e+000
7.816948e+002,4.950343e+000
7.826591e+002,4.603969e+000
7.836233e+002,4.588915e+000
7.845875e+002,4.814597e+000
7.855518e+002,5.077345e+000
7.865160e+002,5.119843e+000
7.874802e+002,5.049482e+000
7.884445e+002,5.123947e+000
7.894087e+002,5.400705e+000
7.903729e+002,5.744473e+000
7.913372e+002,6.042857e+000
7.923014e+002,6.248097e+000
7.932656e+002,6.307772e+000
7.942299e+002,6.144380e+000
7.951941e+002,5.780282e+000
7.961583e+002,5.460433e+000
7.971226e+002,5.290936e+000
7.980868e+002,5.186608e+000
7.990510e+002,5.024444e+000
8.000153e+002,4.758739e+000
8.009795e+002,4.646667e+000
8.019437e+002,4.817804e+000
8.029080e+002,5.134740e+000
8.038722e+002,5.426794e+000
8.048364e+002,5.658338e+000
8.058007e+002,5.896832e+000
8.067649e+002,6.074461e+000
8.077291e+002,6.059858e+000
8.086934e+002,5.803578e+000
8.096576e+002,5.415598e+000
8.106218e+002,5.073541e+000
8.115861e+002,4.756508e+000
8.125503e+002,4.333172e+000
8.135145e+002,3.757188e+000
8.144788e+002,3.182985e+000
8.154430e+002,2.794486e+000
8.164072e+002,2.668262e+000
8.173715e+002,2.852396e+000
8.183357e+002,3.292600e+000
8.192999e+002,3.796911e+000
8.202642e+002,4.103525e+000
8.212284e+002,4.240235e+000
8.221926e+002,4.439597e+000
8.231569e+002,4.846159e+000
8.241211e+002,5.404137e+000
8.250853e+002,5.902119e+000
8.260496e+002,6.226625e+000
8.270138e+002,6.391040e+000
8.279780e+002,6.493857e+000
8.289423e+002,6.681097e+000
8.299065e+002,6.975537e+000
8.308707e+002,7.282026e+000
8.318350e+002,7.385176e+000
8.327992e+002,7.131742e+000
8.337634e+002,6.496602e+000
8.347277e+002,5.634758e+000
8.356919e+002,4.901688e+000
8.366561e+002,4.510690e+000
8.376204e+002,4.472926e+000
8.385846e+002,4.556597e+000
8.395488e+002,4.581164e+000
8.405131e+002,4.452806e+000
8.414773e+002,4.168974e+000
8.424415e+002,3.920118e+000
8.434058e+002,3.860375e+000
8.443700e+002,4.028618e+000
8.453342e+002,4.282181e+000
8.462985e+002,4.546912e+000
8.472627e+002,4.665610e+000
8.482269e+002,4.557564e+000
8.491912e+002,4.380722e+000
8.501554e+002,4.352241e+000
8.511196e+002,4.545110e+000
8.520839e+002,4.692399e+000
8.530481e+002,4.573462e+000
8.540123e+002,4.123992e+000
8.549766e+002,3.569875e+000
8.559408e+002,3.412744e+000
8.569050e+002,3.757090e+000
8.578693e+002,4.284534e+000
8.588335e+002,4.707408e+000
8.597977e+002,5.084357e+000
8.607620e+002,5.455289e+000
8.617262e+002,5.744879e+000
8.626904e+002,5.882874e+000
8.636547e+002,5.995512e+000
8.646189e+002,6.087886e+000
8.655831e+002,5.946872e+000
8.665474e+002,5.496632e+000
8.675116e+002,4.960618e+000
8.684758e+002,4.639188e+000
8.694401e+002,4.542091e+000
8.704043e+002,4.316967e+000
8.713685e+002,3.823891e+000
8.723328e+002,3.355986e+000
8.732970e+002,3.241452e+000
8.742612e+002,3.540721e+000
8.752255e+002,4.108749e+000
8.761897e+002,4.650602e+000
8.771539e+002,4.943548e+000
8.781182e+002,4.896991e+000
8.790824e+002,4.820244e+000
8.800466e+002,4.987783e+000
8.810109e+002,5.342990e+000
8.819751e+002,5.714156e+000
8.829393e+002,5.918313e+000
8.839036e+002,5.891778e+000
8.848678e+002,5.698817e+000
8.858320e+002,5.490955e+000
8.867963e+002,5.279017e+000
8.877605e+002,5.090574e+000
8.887247e+002,5.018275e+000
8.896890e+002,5.052547e+000
8.906532e+002,5.013386e+000
8.916174e+002,4.887815e+000
8.925817e+002,5.067841e+000
8.935459e+002,5.706395e+000
8.945101e+002,6.648263e+000
8.954744e+002,7.612440e+000
8.964386e+002,8.305902e+000
8.974028e+002,8.637635e+000
8.983671e+002,8.661992e+000
8.993313e+002,8.507574e+000
9.002955e+002,8.240622e+000
9.012598e+002,8.028874e+000
9.022240e+002,7.910674e+000
9.031882e+002,7.760266e+000
9.041525e+002,7.346550e+000
9.051167e+002,6.730886e+000
9.060809e+002,6.216822e+000
9.070452e+002,5.908979e+000
9.080094e+002,5.627206e+000
9.089736e+002,5.203768e+000
9.099379e+002,4.785092e+000
9.109021e+002,4.643589e+000
9.118663e+002,4.813321e+000
9.128306e+002,5.145348e+000
9.137948e+002,5.570105e+000
9.147590e+002,6.134184e+000
9.157233e+002,6.752299e+000
9.166875e+002,7.266726e+000
9.176517e+002,7.571696e+000
9.186160e+002,7.693444e+000
9.195802e+002,7.753020e+000
9.205444e+002,7.726833e+000
9.215087e+002,7.550458e+000
9.224729e+002,7.337776e+000
9.234371e+002,7.234758e+000
9.244014e+002,7.237122e+000
9.253656e+002,7.218806e+000
9.263298e+002,7.082739e+000
9.272941e+002,6.902973e+000
9.282583e+002,6.879958e+000
9.292225e+002,7.191723e+000
9.301868e+002,7.812708e+000
9.311510e+002,8.289983e+000
9.321152e+002,8.435410e+000
9.330795e+002,8.453012e+000
9.340437e+002,8.543376e+000
9.350079e+002,8.756502e+000
9.359722e+002,9.019132e+000
9.369364e+002,9.301116e+000
9.379006e+002,9.562160e+000
9.388649e+002,9.757873e+000
9.398291e+002,9.861172e+000
9.407933e+002,9.913931e+000
9.417576e+002,1.004843e+001
9.427218e+002,1.044474e+001
9.436860e+002,1.096130e+001
9.446503e+002,1.116523e+001
9.456145e+002,1.104640e+001
9.465787e+002,1.090087e+001
9.475430e+002,1.072095e+001
9.485072e+002,1.035035e+001
9.494714e+002,9.754736e+000
9.504357e+002,9.042199e+000
9.513999e+002,8.289316e+000
9.523641e+002,7.769763e+000
9.533284e+002,7.747164e+000
9.542926e+002,8.001663e+000
9.552568e+002,8.280329e+000
9.562211e+002,8.564053e+000
9.571853e+002,8.922599e+000
9.581495e+002,9.306780e+000
9.591138e+002,9.680930e+000
9.600780e+002,1.001552e+001
9.610422e+002,1.006398e+001
9.620065e+002,9.738841e+000
9.629707e+002,9.131266e+000
9.639349e+002,8.435612e+000
9.648992e+002,7.862951e+000
9.658634e+002,7.628235e+000
9.668276e+002,7.638359e+000
9.677919e+002,7.478195e+000
9.687561e+002,7.132741e+000
9.697203e+002,6.815675e+000
9.706846e+002,6.589031e+000
9.716488e+002,6.367635e+000
9.726130e+002,6.158598e+000
9.735773e+002,5.982892e+000
9.745415e+002,5.779150e+000
9.755057e+002,5.465451e+000
9.764700e+002,5.054053e+000
9.774342e+002,4.637320e+000
9.783984e+002,4.223823e+000
9.793627e+002,3.753831e+000
9.803269e+002,3.427329e+000
9.812911e+002,3.508682e+000
9.822554e+002,4.055614e+000
9.832196e+002,4.925170e+000
9.841838e+002,5.803102e+000
9.851481e+002,6.424290e+000
9.861123e+002,6.562169e+000
9.870765e+002,6.460591e+000
9.880408e+002,6.413595e+000
9.890050e+002,6.435490e+000
9.899692e+002,6.346113e+000
9.909335e+002,5.979389e+000
9.918977e+002,5.430851e+000
9.928619e+002,4.856477e+000
9.938262e+002,4.589303e+000
9.947904e+002,4.760791e+000
9.957546e+002,5.241560e+000
9.967189e+002,5.795118e+000
9.976831e+002,6.179323e+000
9.986473e+002,6.276608e+000
9.996116e+002,6.171278e+000
1.000576e+003,6.238765e+000
1.001540e+003,6.486294e+000
1.002504e+003,6.602340e+000
1.003469e+003,6.453584e+000
1.004433e+003,6.116632e+000
1.005397e+003,5.799502e+000
1.006361e+003,5.576676e+000
1.007325e+003,5.589273e+000
1.008290e+003,5.691618e+000
1.009254e+003,5.568659e+000
1.010218e+003,5.266935e+000
1.011182e+003,5.134461e+000
1.012147e+003,5.444192e+000
1.013111e+003,5.891719e+000
1.014075e+003,6.103393e+000
1.015039e+003,5.932243e+000
1.016004e+003,5.393421e+000
1.016968e+003,4.725104e+000
1.017932e+003,4.131844e+000
1.018896e+003,3.727750e+000
1.019860e+003,3.542556e+000
1.020825e+003,3.556222e+000
1.021789e+003,3.555679e+000
1.022753e+003,3.536984e+000
1.023717e+003,3.880595e+000
1.024682e+003,4.752646e+000
1.025646e+003,5.907248e+000
1.026610e+003,6.844507e+000
1.027574e+003,7.438848e+000
1.028539e+003,7.737970e+000
1.029503e+003,7.668444e+000
1.030467e+003,7.244644e+000
1.031431e+003,6.595324e+000
1.032396e+003,5.805193e+000
1.033360e+003,4.938719e+000
1.034324e+003,4.074036e+000
1.035288e+003,3.235025e+000
1.036252e+003,2.571674e+000
1.037217e+003,2.187200e+000
1.038181e+003,2.166254e+000
1.039145e+003,2.562772e+000
1.040109e+003,3.372284e+000
1.041074e+003,4.295981e+000
1.042038e+003,4.931854e+000
1.043002e+003,5.416547e+000
1.043966e+003,6.094868e+000
1.044931e+003,6.893900e+000
1.045895e+003,7.103995e+000
1.046859e+003,6.212520e+000
1.047823e+003,4.634478e+000
1.048787e+003,2.781576e+000
1.049752e+003,1.163901e+000
1.050716e+003,1.551456e-001
1.051680e+003,0.000000e+000
1.052644e+003,4.978466e-001
1.053609e+003,1.361652e+000
1.054573e+003,2.357451e+000
1.055537e+003,3.578370e+000
1.056501e+003,5.345682e+000
1.057466e+003,7.228284e+000
1.058430e+003,8.350309e+000
1.059394e+003,8.391322e+000
1.060358e+003,7.771339e+000
1.061323e+003,7.184460e+000
1.062287e+003,6.640956e+000
1.063251e+003,6.224232e+000
1.064215e+003,6.043558e+000
1.065179e+003,6.033144e+000
1.066144e+003,5.875778e+000
1.067108e+003,5.504347e+000
1.068072e+003,5.052019e+000
1.069036e+003,4.691820e+000
1.070001e+003,4.344830e+000
1.070965e+003,3.850969e+000
1.071929e+003,3.438883e+000
1.072893e+003,3.558903e+000
1.073858e+003,4.133417e+000
1.074822e+003,4.855834e+000
1.075786e+003,5.519148e+000
1.076750e+003,6.104734e+000
1.077714e+003,6.627202e+000
1.078679e+003,7.030416e+000
1.079643e+003,7.215812e+000
1.080607e+003,7.173203e+000
1.081571e+003,7.000853e+000
1.082536e+003,6.777074e+000
1.083500e+003,6.445231e+000
1.084464e+003,6.046675e+000
1.085428e+003,5.660971e+000
1.086393e+003,5.257589e+000
1.087357e+003,4.785185e+000
1.088321e+003,4.312154e+000
1.089285e+003,3.956792e+000
1.090250e+003,3.777945e+000
1.091214e+003,3.819764e+000
1.092178e+003,4.111202e+000
1.093142e+003,4.609061e+000
1.094106e+003,5.201068e+000
1.095071e+003,5.720942e+000
1.096035e+003,6.031772e+000
1.096999e+003,6.100885e+000
1.097963e+003,6.029333e+000
1.098928e+003,5.910014e+000
1.099892e+003,5.750010e+000
1.100856e+003,5.515382e+000
1.101820e+003,5.196260e+000
1.102785e+003,4.857318e+000
1.103749e+003,4.586645e+000
1.104713e+003,4.414580e+000
1.105677e+003,4.256934e+000
1.106641e+003,3.924381e+000
1.107606e+003,3.593955e+000
1.108570e+003,3.476455e+000
1.109534e+003,3.603768e+000
1.110498e+003,3.878410e+000
1.111463e+003,4.237327e+000
1.112427e+003,4.620395e+000
1.113391e+003,4.952207e+000
1.114355e+003,5.194278e+000
1.115320e+003,5.362051e+000
1.116284e+003,5.488040e+000
1.117248e+003,5.510971e+000
1.118212e+003,5.314403e+000
1.119177e+003,4.942934e+000
1.120141e+003,4.561051e+000
1.121105e+003,4.501085e+000
1.122069e+003,4.741826e+000
1.123033e+003,5.097432e+000
1.123998e+003,5.465807e+000
1.124962e+003,5.816292e+000
1.125926e+003,6.095436e+000
1.126890e+003,6.268619e+000
1.127855e+003,6.357147e+000
1.128819e+003,6.361842e+000
1.129783e+003,6.260643e+000
1.130747e+003,6.050751e+000
1.131712e+003,5.824588e+000
1.132676e+003,5.774753e+000
1.133640e+003,5.977381e+000
1.134604e+003,6.312405e+000
1.135568e+003,6.575375e+000
1.136533e+003,6.708214e+000
1.137497e+003,6.793407e+000
1.138461e+003,6.955081e+000
1.139425e+003,7.009071e+000
1.140390e+003,6.672115e+000
1.141354e+003,5.945100e+000
1.142318e+003,5.042291e+000
1.143282e+003,4.190873e+000
1.144247e+003,3.477870e+000
1.145211e+003,2.910087e+000
1.146175e+003,2.630448e+000
1.147139e+003,2.799120e+000
1.148104e+003,3.339818e+000
1.149068e+003,3.955293e+000
1.150032e+003,4.453734e+000
1.150996e+003,5.011992e+000
1.151960e+003,5.701920e+000
1.152925e+003,6.242684e+000
1.153889e+003,6.470454e+000
1.154853e+003,6.549385e+000
1.155817e+003,6.540149e+000
1.156782e+003,6.388753e+000
1.157746e+003,6.111495e+000
1.158710e+003,5.840416e+000
1.159674e+003,5.758263e+000
1.160639e+003,5.868840e+000
1.161603e+003,5.988367e+000
1.162567e+003,5.731397e+000
1.163531e+003,4.990990e+000
1.164495e+003,4.170853e+000
1.165460e+003,3.615805e+000
1.166424e+003,3.433500e+000
1.167388e+003,3.590326e+000
1.168352e+003,4.000319e+000
1.169317e+003,4.441339e+000
1.170281e+003,4.810107e+000
1.171245e+003,5.200074e+000
1.172209e+003,5.663201e+000
1.173174e+003,6.106180e+000
1.174138e+003,6.372943e+000
1.175102e+003,6.337479e+000
1.176066e+003,5.904699e+000
1.177031e+003,5.206312e+000
1.177995e+003,4.582641e+000
1.178959e+003,4.304935e+000
1.179923e+003,4.345328e+000
1.180887e+003,4.530507e+000
1.181852e+003,4.672186e+000
1.182816e+003,4.711118e+000
1.183780e+003,4.645678e+000
1.184744e+003,4.547609e+000
1.185709e+003,4.467532e+000
1.186673e+003,4.388300e+000
1.187637e+003,4.202856e+000
1.188601e+003,3.884815e+000
1.189566e+003,3.515655e+000
1.190530e+003,3.159891e+000
1.191494e+003,2.922552e+000
1.192458e+003,2.928305e+000
1.193422e+003,3.148906e+000
1.194387e+003,3.468349e+000
1.195351e+003,3.826379e+000
1.196315e+003,4.150775e+000
1.197279e+003,4.196626e+000
1.198244e+003,3.992048e+000
1.199208e+003,3.824554e+000
1.200172e+003,3.763192e+000
1.201136e+003,3.613703e+000
1.202101e+003,3.259702e+000
1.203065e+003,2.864762e+000
1.204029e+003,2.673430e+000
1.204993e+003,2.799336e+000
1.205958e+003,3.253243e+000
1.206922e+003,3.930803e+000
1.207886e+003,4.677783e+000
1.208850e+003,5.231898e+000
1.209814e+003,5.580396e+000
1.210779e+003,5.902286e+000
1.211743e+003,6.341250e+000
1.212707e+003,6.762702e+000
1.213671e+003,6.781747e+000
1.214636e+003,6.442996e+000
1.215600e+003,5.920306e+000
1.216564e+003,5.398183e+000
1.217528e+003,4.884366e+000
1.218493e+003,4.307214e+000
1.219457e+003,3.814983e+000
1.220421e+003,3.475159e+000
1.221385e+003,3.076806e+000
1.222349e+003,2.505346e+000
1.223314e+003,2.149345e+000
1.224278e+003,2.240143e+000
1.225242e+003,2.605728e+000
1.226206e+003,3.148297e+000
1.227171e+003,3.896741e+000
1.228135e+003,4.881495e+000
1.229099e+003,5.698339e+000
1.230063e+003,6.391356e+000
1.231028e+003,7.279600e+000
1.231992e+003,8.337296e+000
1.232956e+003,9.275313e+000
1.233920e+003,9.644846e+000
1.234885e+003,9.311574e+000
1.235849e+003,8.491318e+000
1.236813e+003,7.417020e+000
1.237777e+003,6.226390e+000
1.238741e+003,5.129425e+000
1.239706e+003,4.449903e+000
1.240670e+003,4.178725e+000
1.241634e+003,4.040674e+000
1.242598e+003,3.973234e+000
1.243563e+003,4.324926e+000
1.244527e+003,5.117380e+000
1.245491e+003,5.808184e+000
1.246455e+003,5.841608e+000
1.247420e+003,5.264529e+000
1.248384e+003,4.695664e+000
1.249348e+003,4.461215e+000
1.250312e+003,4.220131e+000
1.251276e+003,3.602387e+000
1.252241e+003,2.849567e+000
1.253205e+003,2.395736e+000
1.254169e+003,2.334526e+000
1.255133e+003,2.471869e+000
1.256098e+003,2.581801e+000
1.257062e+003,2.843653e+000
1.258026e+003,3.449682e+000
1.258990e+003,4.118126e+000
1.259955e+003,4.418520e+000
1.260919e+003,4.435102e+000
1.261883e+003,4.613251e+000
1.262847e+003,4.963818e+000
1.263812e+003,5.232301e+000
1.264776e+003,5.404912e+000
1.265740e+003,5.668755e+000
1.266704e+003,5.896688e+000
1.267668e+003,5.929009e+000
1.268633e+003,5.716473e+000
1.269597e+003,5.389134e+000
1.270561e+003,5.451053e+000
1.271525e+003,6.081326e+000
1.272490e+003,6.752616e+000
1.273454e+003,6.977869e+000
1.274418e+003,6.788676e+000
1.275382e+003,6.529897e+000
1.276347e+003,6.377661e+000
1.277311e+003,6.506087e+000
1.278275e+003,6.865988e+000
1.279239e+003,7.220052e+000
1.280203e+003,7.395992e+000
1.281168e+003,7.405005e+000
1.282132e+003,7.135824e+000
1.283096e+003,6.574513e+000
1.284060e+003,5.881055e+000
1.285025e+003,5.144969e+000
1.285989e+003,4.240955e+000
1.286953e+003,3.234392e+000
1.287917e+003,2.362643e+000
1.288882e+003,1.805114e+000
1.289846e+003,1.653735e+000
1.290810e+003,1.981243e+000
1.291774e+003,2.829258e+000
1.292739e+003,4.144183e+000
1.293703e+003,5.725896e+000
1.294667e+003,7.347438e+000
1.295631e+003,8.827819e+000
1.296595e+003,1.011119e+001
1.297560e+003,1.102153e+001
1.298524e+003,1.145073e+001
1.299488e+003,1.149296e+001
1.300452e+003,1.123672e+001
1.301417e+003,1.082930e+001
1.302381e+003,1.053288e+001
1.303345e+003,1.043370e+001
1.304309e+003,1.020888e+001
1.305274e+003,9.747522e+000
1.306238e+003,9.272274e+000
1.307202e+003,9.104884e+000
1.308166e+003,9.261798e+000
1.309130e+003,9.475911e+000
1.310095e+003,9.588595e+000
1.311059e+003,9.559505e+000
1.312023e+003,9.470372e+000
1.312987e+003,9.228771e+000
1.313952e+003,8.685058e+000
1.314916e+003,8.243767e+000
1.315880e+003,8.198929e+000
1.316844e+003,8.316401e+000
1.317809e+003,8.173286e+000
1.318773e+003,7.904549e+000
1.319737e+003,7.821873e+000
1.320701e+003,7.938865e+000
1.321666e+003,7.952628e+000
1.322630e+003,7.744610e+000
1.323594e+003,7.478225e+000
1.324558e+003,7.206354e+000
1.325522e+003,6.801885e+000
1.326487e+003,6.080038e+000
1.327451e+003,5.125799e+000
1.328415e+003,4.349792e+000
1.329379e+003,3.791144e+000
1.330344e+003,3.443944e+000
1.331308e+003,3.330462e+000
1.332272e+003,3.449412e+000
1.333236e+003,3.708938e+000
1.334201e+003,4.047308e+000
1.335165e+003,4.749243e+000
1.336129e+003,5.889583e+000
1.337093e+003,7.163647e+000
1.338057e+003,8.243731e+000
1.339022e+003,8.951271e+000
1.339986e+003,9.191604e+000
1.340950e+003,8.911939e+000
1.341914e+003,8.063781e+000
1.342879e+003,6.757876e+000
1.343843e+003,5.524782e+000
1.344807e+003,4.826691e+000
1.345771e+003,4.471718e+000
1.346736e+003,4.263539e+000
1.347700e+003,4.237632e+000
1.348664e+003,4.591421e+000
1.349628e+003,5.142054e+000
1.350593e+003,5.642471e+000
1.351557e+003,5.969902e+000
1.352521e+003,6.088760e+000
1.353485e+003,5.976049e+000
1.354449e+003,5.713209e+000
1.355414e+003,5.569436e+000
1.356378e+003,5.638732e+000
1.357342e+003,5.821927e+000
1.358306e+003,5.952835e+000
1.359271e+003,5.965956e+000
1.360235e+003,6.103449e+000
1.361199e+003,6.271955e+000
1.362163e+003,6.406630e+000
1.363128e+003,6.337534e+000
1.364092e+003,5.855684e+000
1.365056e+003,4.893128e+000
1.366020e+003,4.028371e+000
1.366984e+003,3.609088e+000
1.367949e+003,3.598100e+000
1.368913e+003,3.789813e+000
1.369877e+003,3.755333e+000
1.370841e+003,3.247242e+000
1.371806e+003,2.546862e+000
1.372770e+003,2.189218e+000
1.373734e+003,2.299569e+000
1.374698e+003,2.597422e+000
1.375663e+003,3.013638e+000
1.376627e+003,3.082074e+000
1.377591e+003,2.499643e+000
1.378555e+003,1.700569e+000
1.379520e+003,1.548034e+000
1.380484e+003,2.058041e+000
1.381448e+003,2.707995e+000
1.382412e+003,3.267044e+000
1.383376e+003,3.797793e+000
1.384341e+003,4.373789e+000
1.385305e+003,4.936845e+000
1.386269e+003,5.325109e+000
1.387233e+003,5.594182e+000
1.388198e+003,5.892059e+000
1.389162e+003,6.240229e+000
1.390126e+003,6.294585e+000
1.391090e+003,6.047976e+000
1.392055e+003,5.758885e+000
1.393019e+003,5.583710e+000
1.393983e+003,5.373525e+000
1.394947e+003,4.883440e+000
1.395911e+003,4.205154e+000
1.396876e+003,3.554299e+000
1.397840e+003,3.004742e+000
1.398804e+003,2.490138e+000
1.399768e+003,2.017976e+000
1.400733e+003,1.778424e+000
1.401697e+003,1.805774e+000
1.402661e+003,2.084569e+000
1.403625e+003,2.591886e+000
1.404590e+003,3.191031e+000
1.405554e+003,3.440279e+000
1.406518e+003,3.128054e+000
1.407482e+003,2.819659e+000
1.408447e+003,2.882883e+000
1.409411e+003,3.109877e+000
1.410375e+003,3.050350e+000
1.411339e+003,2.750072e+000
1.412303e+003,2.569288e+000
1.413268e+003,2.645835e+000
1.414232e+003,2.924070e+000
1.415196e+003,3.358758e+000
1.416160e+003,4.012274e+000
1.417125e+003,4.864542e+000
1.418089e+003,5.444368e+000
1.419053e+003,5.362281e+000
1.420017e+003,4.863298e+000
1.420982e+003,4.568836e+000
1.421946e+003,4.421923e+000
1.422910e+003,4.201680e+000
1.423874e+003,3.863921e+000
1.424839e+003,3.717003e+000
1.425803e+003,3.896370e+000
1.426767e+003,4.211773e+000
1.427731e+003,4.508769e+000
1.428695e+003,4.675651e+000
1.429660e+003,4.585427e+000
1.430624e+003,4.210281e+000
1.431588e+003,3.690513e+000
1.432552e+003,3.220268e+000
1.433517e+003,2.906484e+000
1.434481e+003,2.831929e+000
1.435445e+003,3.065997e+000
1.436409e+003,3.672769e+000
1.437374e+003,4.376359e+000
1.438338e+003,4.743868e+000
1.439302e+003,4.699160e+000
1.440266e+003,4.459517e+000
1.441230e+003,4.231406e+000
1.442195e+003,3.983639e+000
1.443159e+003,3.773497e+000
1.444123e+003,3.710370e+000
1.445087e+003,3.966989e+000
1.446052e+003,4.483022e+000
1.447016e+003,5.185494e+000
1.447980e+003,5.951708e+000
1.448944e+003,6.537458e+000
1.449909e+003,6.773783e+000
1.450873e+003,6.591712e+000
1.451837e+003,6.028291e+000
1.452801e+003,5.337718e+000
1.453766e+003,4.808708e+000
1.454730e+003,4.450706e+000
1.455694e+003,4.042872e+000
1.456658e+003,3.568222e+000
1.457622e+003,3.275742e+000
1.458587e+003,3.259294e+000
1.459551e+003,3.316338e+000
1.460515e+003,3.222217e+000
1.461479e+003,3.133996e+000
1.462444e+003,3.379596e+000
1.463408e+003,3.893192e+000
1.464372e+003,4.484666e+000
1.465336e+003,4.992181e+000
1.466301e+003,5.254320e+000
1.467265e+003,5.196773e+000
1.468229e+003,4.907261e+000
1.469193e+003,4.511705e+000
1.470157e+003,4.297460e+000
1.471122e+003,4.642250e+000
1.472086e+003,5.124974e+000
1.473050e+003,5.053309e+000
1.474014e+003,4.492687e+000
1.474979e+003,4.144239e+000
1.475943e+003,4.327157e+000
1.476907e+003,4.665642e+000
1.477871e+003,4.932011e+000
1.478836e+003,5.175880e+000
1.479800e+003,5.462850e+000
1.480764e+003,5.832097e+000
1.481728e+003,6.394596e+000
1.482693e+003,7.034840e+000
1.483657e+003,7.511423e+000
1.484621e+003,7.708269e+000
1.485585e+003,7.495072e+000
1.486549e+003,6.964044e+000
1.487514e+003,6.238798e+000
1.488478e+003,5.441359e+000
1.489442e+003,4.756533e+000
1.490406e+003,4.325509e+000
1.491371e+003,4.198282e+000
1.492335e+003,4.279112e+000
1.493299e+003,4.468558e+000
1.494263e+003,4.671859e+000
1.495228e+003,4.811844e+000
1.496192e+003,4.774663e+000
1.497156e+003,4.522274e+000
1.498120e+003,4.210658e+000
1.499084e+003,4.022212e+000
1.500049e+003,4.011260e+000
1.501013e+003,4.049305e+000
1.501977e+003,4.161485e+000
1.502941e+003,4.275816e+000
1.503906e+003,4.367238e+000
1.504870e+003,4.451642e+000
1.505834e+003,4.562036e+000
1.506798e+003,4.552256e+000
1.507763e+003,4.276183e+000
1.508727e+003,3.774261e+000
1.509691e+003,3.145262e+000
1.510655e+003,2.497219e+000
1.511620e+003,1.911108e+000
1.512584e+003,1.509660e+000
1.513548e+003,1.479921e+000
1.514512e+003,1.875897e+000
1.515476e+003,2.473457e+000
1.516441e+003,3.045279e+000
1.517405e+003,3.680701e+000
1.518369e+003,4.493151e+000
1.519333e+003,5.385531e+000
1.520298e+003,6.011285e+000
1.521262e+003,6.226810e+000
1.522226e+003,5.934096e+000
1.523190e+003,5.172858e+000
1.524155e+003,4.223740e+000
1.525119e+003,3.349020e+000
1.526083e+003,2.711160e+000
1.527047e+003,2.526441e+000
1.528011e+003,2.506408e+000
1.528976e+003,2.307565e+000
1.529940e+003,1.992363e+000
1.530904e+003,1.804008e+000
1.531868e+003,1.903581e+000
1.532833e+003,2.382551e+000
1.533797e+003,3.183452e+000
1.534761e+003,4.038424e+000
1.535725e+003,4.702911e+000
1.536690e+003,5.159062e+000
1.537654e+003,5.399481e+000
1.538618e+003,5.603900e+000
1.539582e+003,5.907150e+000
1.540547e+003,6.274706e+000
1.541511e+003,6.309255e+000
1.542475e+003,5.923921e+000
1.543439e+003,5.251951e+000
1.544403e+003,4.514450e+000
1.545368e+003,3.956060e+000
1.546332e+003,3.769898e+000
1.547296e+003,3.959428e+000
1.548260e+003,4.432959e+000
1.549225e+003,5.051270e+000
1.550189e+003,5.622307e+000
1.551153e+003,6.091901e+000
1.552117e+003,6.760881e+000
1.553082e+003,7.585407e+000
1.554046e+003,8.113999e+000
1.555010e+003,8.015156e+000
1.555974e+003,7.656126e+000
1.556938e+003,7.587627e+000
1.557903e+003,7.521880e+000
1.558867e+003,7.296639e+000
1.559831e+003,6.906161e+000
1.560795e+003,6.395067e+000
1.561760e+003,5.852370e+000
1.562724e+003,5.392920e+000
1.563688e+003,5.010374e+000
1.564652e+003,4.565428e+000
1.565617e+003,3.895792e+000
1.566581e+003,3.004079e+000
1.567545e+003,1.928939e+000
1.568509e+003,8.753366e-001
1.569474e+003,3.619061e-001
1.570438e+003,5.223894e-001
1.571402e+003,7.727470e-001
1.572366e+003,1.039054e+000
1.573330e+003,1.421303e+000
1.574295e+003,1.986511e+000
1.575259e+003,2.751799e+000
1.576223e+003,3.741819e+000
1.577187e+003,4.524911e+000
1.578152e+003,4.757050e+000
1.579116e+003,4.559412e+000
1.580080e+003,4.348282e+000
1.581044e+003,4.172658e+000
1.582009e+003,3.886406e+000
1.582973e+003,3.451970e+000
1.583937e+003,2.978089e+000
1.584901e+003,2.608169e+000
1.585865e+003,2.441387e+000
1.586830e+003,2.502119e+000
1.587794e+003,2.828217e+000
1.588758e+003,3.386803e+000
1.589722e+003,3.934151e+000
1.590687e+003,4.068416e+000
1.591651e+003,3.763516e+000
1.592615e+003,3.146005e+000
1.593579e+003,2.516637e+000
1.594544e+003,2.207089e+000
1.595508e+003,2.348557e+000
1.596472e+003,2.637497e+000
1.597436e+003,2.876661e+000
1.598401e+003,3.121220e+000
1.599365e+003,3.533922e+000
1.600329e+003,4.059704e+000
1.601293e+003,4.599710e+000
1.602257e+003,5.055085e+000
1.603222e+003,5.240805e+000
1.604186e+003,5.125089e+000
1.605150e+003,4.851467e+000
1.606114e+003,4.486263e+000
1.607079e+003,4.172619e+000
1.608043e+003,4.042847e+000
1.609007e+003,4.027617e+000
1.609971e+003,3.978645e+000
1.610936e+003,3.758451e+000
1.611900e+003,3.295280e+000
1.612864e+003,2.710058e+000
1.613828e+003,2.110061e+000
1.614792e+003,1.675757e+000
1.615757e+003,1.811470e+000
1.616721e+003,2.370581e+000
1.617685e+003,2.849939e+000
1.618649e+003,2.995675e+000
1.619614e+003,2.991940e+000
1.620578e+003,2.903033e+000
1.621542e+003,2.825245e+000
1.622506e+003,2.850431e+000
1.623471e+003,2.899482e+000
1.624435e+003,2.716436e+000
1.625399e+003,2.399627e+000
1.626363e+003,2.227046e+000
1.627328e+003,2.428095e+000
1.628292e+003,3.207030e+000
1.629256e+003,4.547139e+000
1.630220e+003,5.720836e+000
1.631184e+003,6.259888e+000
1.632149e+003,6.510713e+000
1.633113e+003,7.036727e+000
1.634077e+003,7.610732e+000
1.635041e+003,7.804175e+000
1.636006e+003,7.717440e+000
1.636970e+003,7.458833e+000
1.637934e+003,7.001641e+000
1.638898e+003,6.289071e+000
1.639863e+003,5.445890e+000
1.640827e+003,4.832569e+000
1.641791e+003,4.575819e+000
1.642755e+003,4.510756e+000
1.643719e+003,4.434391e+000
1.644684e+003,4.483555e+000
1.645648e+003,4.797161e+000
1.646612e+003,5.046302e+000
1.647576e+003,4.735465e+000
1.648541e+003,4.044402e+000
1.649505e+003,3.843494e+000
1.650469e+003,3.968211e+000
1.651433e+003,3.707060e+000
1.652398e+003,2.990582e+000
1.653362e+003,2.529839e+000
1.654326e+003,2.685586e+000
1.655290e+003,2.830617e+000
1.656255e+003,2.602432e+000
1.657219e+003,2.195554e+000
1.658183e+003,1.894846e+000
1.659147e+003,1.898270e+000
1.660111e+003,2.240578e+000
1.661076e+003,2.909455e+000
1.662040e+003,4.105723e+000
1.663004e+003,5.750260e+000
1.663968e+003,7.020041e+000
1.664933e+003,7.571900e+000
1.665897e+003,7.866769e+000
1.666861e+003,8.250143e+000
1.667825e+003,8.326836e+000
1.668790e+003,7.562720e+000
1.669754e+003,6.305738e+000
1.670718e+003,5.075505e+000
1.671682e+003,4.126927e+000
1.672646e+003,3.617055e+000
1.673611e+003,3.639344e+000
1.674575e+003,4.138266e+000
1.675539e+003,4.809304e+000
1.676503e+003,5.306077e+000
1.677468e+003,5.418828e+000
1.678432e+003,5.038760e+000
1.679396e+003,4.410727e+000
1.680360e+003,4.133223e+000
1.681325e+003,4.475762e+000
1.682289e+003,4.993838e+000
1.683253e+003,5.359044e+000
1.684217e+003,5.710042e+000
1.685182e+003,6.136913e+000
1.686146e+003,6.647811e+000
1.687110e+003,7.363906e+000
1.688074e+003,8.074165e+000
1.689038e+003,8.162202e+000
1.690003e+003,7.559392e+000
1.690967e+003,6.556894e+000
1.691931e+003,5.409979e+000
1.692895e+003,4.628597e+000
1.693860e+003,4.571842e+000
1.694824e+003,4.707030e+000
1.695788e+003,4.253303e+000
1.696752e+003,3.466549e+000
1.697717e+003,3.004570e+000
1.698681e+003,2.842876e+000
1.699645e+003,2.840542e+000
1.700609e+003,2.895366e+000
1.701573e+003,2.762868e+000
1.702538e+003,2.488620e+000
1.703502e+003,2.525248e+000
1.704466e+003,3.120911e+000
1.705430e+003,4.221082e+000
1.706395e+003,5.565629e+000
1.707359e+003,6.376510e+000
1.708323e+003,6.291605e+000
1.709287e+003,5.841362e+000
1.710252e+003,5.724081e+000
1.711216e+003,6.020733e+000
1.712180e+003,6.555543e+000
1.713144e+003,6.971619e+000
1.714109e+003,7.032284e+000
1.715073e+003,6.806881e+000
1.716037e+003,6.595640e+000
1.717001e+003,6.614707e+000
1.717965e+003,6.968549e+000
1.718930e+003,7.508080e+000
1.719894e+003,7.760902e+000
1.720858e+003,7.302695e+000
1.721822e+003,6.849470e+000
1.722787e+003,7.000857e+000
1.723751e+003,7.479184e+000
1.724715e+003,7.776960e+000
1.725679e+003,7.855102e+000
1.726644e+003,7.520349e+000
1.727608e+003,6.823181e+000
1.728572e+003,6.010635e+000
1.729536e+003,5.428122e+000
1.730500e+003,5.492610e+000
1.731465e+003,6.070442e+000
1.732429e+003,6.594671e+000
1.733393e+003,6.863340e+000
1.734357e+003,7.196322e+000
1.735322e+003,7.921457e+000
1.736286e+003,8.689877e+000
1.737250e+003,9.050830e+000
1.738214e+003,8.948602e+000
1.739179e+003,8.652187e+000
1.740143e+003,8.228166e+000
1.741107e+003,7.680017e+000
1.742071e+003,7.302870e+000
1.743036e+003,7.467920e+000
1.744000e+003,8.116497e+000
1.744964e+003,8.499458e+000
1.745928e+003,8.500134e+000
1.746892e+003,8.657838e+000
1.747857e+003,9.126525e+000
1.748821e+003,9.580810e+000
1.749785e+003,9.761664e+000
1.750749e+003,9.636742e+000
1.751714e+003,9.168387e+000
1.752678e+003,8.283699e+000
1.753642e+003,6.914903e+000
1.754606e+003,5.613931e+000
1.755571e+003,4.869053e+000
1.756535e+003,4.575072e+000
1.757499e+003,4.383482e+000
1.758463e+003,4.087930e+000
1.759427e+003,3.869280e+000
1.760392e+003,4.045197e+000
1.761356e+003,4.506085e+000
1.762320e+003,5.093155e+000
1.763284e+003,5.898889e+000
1.764249e+003,6.746441e+000
1.765213e+003,6.988185e+000
1.766177e+003,6.530770e+000
1.767141e+003,6.083812e+000
1.768106e+003,6.449840e+000
1.769070e+003,7.042174e+000
1.770034e+003,7.316892e+000
1.770998e+003,7.334456e+000
1.771963e+003,7.254498e+000
1.772927e+003,6.957801e+000
1.773891e+003,6.586829e+000
1.774855e+003,6.250310e+000
1.775819e+003,5.953176e+000
1.776784e+003,5.768089e+000
1.777748e+003,5.588704e+000
1.778712e+003,5.155975e+000
1.779676e+003,4.827354e+000
1.780641e+003,4.994606e+000
1.781605e+003,5.344588e+000
1.782569e+003,5.282549e+000
1.783533e+003,5.149738e+000
1.784498e+003,5.360533e+000
1.785462e+003,5.933320e+000
1.786426e+003,6.555879e+000
1.787390e+003,7.112444e+000
1.788354e+003,7.652778e+000
1.789319e+003,7.801572e+000
1.790283e+003,7.375648e+000
1.791247e+003,6.839661e+000
1.792211e+003,6.772051e+000
1.793176e+003,6.709653e+000
1.794140e+003,6.087529e+000
1.795104e+003,5.119556e+000
1.796068e+003,4.617873e+000
1.797033e+003,4.879751e+000
1.797997e+003,5.628036e+000
1.798961e+003,6.582755e+000
1.799925e+003,7.452226e+000
1.800890e+003,8.022899e+000
1.801854e+003,8.304884e+000
1.802818e+003,8.040545e+000
1.803782e+003,7.399010e+000
1.804746e+003,7.011238e+000
1.805711e+003,7.136853e+000
1.806675e+003,7.098228e+000
1.807639e+003,6.641482e+000
1.808603e+003,6.242455e+000
1.809568e+003,6.451535e+000
1.810532e+003,7.223564e+000
1.811496e+003,8.015788e+000
1.812460e+003,8.422009e+000
1.813425e+003,8.352480e+000
1.814389e+003,8.022600e+000
1.815353e+003,7.732821e+000
1.816317e+003,7.476900e+000
1.817281e+003,7.220592e+000
1.818246e+003,6.985037e+000
1.819210e+003,6.827501e+000
1.820174e+003,6.743775e+000
1.821138e+003,6.563886e+000
1.822103e+003,6.418257e+000
1.823067e+003,6.612714e+000
1.824031e+003,6.968410e+000
1.824995e+003,6.818846e+000
1.825960e+003,6.508281e+000
1.826924e+003,6.512384e+000
1.827888e+003,6.761476e+000
1.828852e+003,6.908872e+000
1.829817e+003,6.936314e+000
1.830781e+003,6.909124e+000
1.831745e+003,7.012779e+000
1.832709e+003,7.462901e+000
1.833673e+003,8.283775e+000
1.834638e+003,9.264338e+000
1.835602e+003,1.026608e+001
1.836566e+003,1.117818e+001
1.837530e+003,1.166694e+001
1.838495e+003,1.146548e+001
1.839459e+003,1.105541e+001
1.840423e+003,1.070367e+001
1.841387e+003,1.023147e+001
1.842352e+003,9.336567e+000
1.843316e+003,8.116783e+000
1.844280e+003,6.868166e+000
1.845244e+003,5.906569e+000
1.846208e+003,5.327057e+000
1.847173e+003,4.933751e+000
1.848137e+003,4.877721e+000
1.849101e+003,5.480877e+000
1.850065e+003,6.463300e+000
1.851030e+003,7.198720e+000
1.851994e+003,7.541595e+000
1.852958e+003,8.215003e+000
1.853922e+003,9.294766e+000
1.854887e+003,1.008964e+001
1.855851e+003,1.030965e+001
1.856815e+003,1.048512e+001
1.857779e+003,1.094688e+001
1.858744e+003,1.150907e+001
1.859708e+003,1.197656e+001
1.860672e+003,1.231900e+001
1.861636e+003,1.276776e+001
1.862600e+003,1.299090e+001
1.863565e+003,1.249774e+001
1.864529e+003,1.146609e+001
1.865493e+003,1.052061e+001
1.866457e+003,1.013421e+001
1.867422e+003,9.922072e+000
1.868386e+003,9.497766e+000
1.869350e+003,9.155593e+000
1.870314e+003,9.353551e+000
1.871279e+003,1.000282e+001
1.872243e+003,1.071588e+001
1.873207e+003,1.127809e+001
1.874171e+003,1.161339e+001
1.875135e+003,1.162883e+001
1.876100e+003,1.119973e+001
1.877064e+003,1.060593e+001
1.878028e+003,1.016675e+001
1.878992e+003,1.000078e+001
1.879957e+003,1.017382e+001
1.880921e+003,1.049056e+001
1.881885e+003,1.063735e+001
1.882849e+003,1.059025e+001
1.883814e+003,1.051455e+001
1.884778e+003,1.056907e+001
1.885742e+003,1.057360e+001
1.886706e+003,1.019416e+001
1.887671e+003,9.360580e+000
1.888635e+003,8.501661e+000
1.889599e+003,8.011255e+000
1.890563e+003,7.941639e+000
1.891527e+003,8.206411e+000
1.892492e+003,8.700497e+000
1.893456e+003,9.299679e+000
1.894420e+003,9.952627e+000
1.895384e+003,1.070102e+001
1.896349e+003,1.139089e+001
1.897313e+003,1.181223e+001
1.898277e+003,1.195938e+001
1.899241e+003,1.171841e+001
1.900206e+003,1.094732e+001
1.901170e+003,9.919636e+000
1.902134e+003,9.163993e+000
1.903098e+003,8.842955e+000
1.904063e+003,8.821626e+000
1.905027e+003,9.038356e+000
1.905991e+003,9.407304e+000
1.906955e+003,9.788101e+000
1.907919e+003,1.015258e+001
1.908884e+003,1.050739e+001
1.909848e+003,1.066412e+001
1.910812e+003,1.049695e+001
1.911776e+003,1.010282e+001
1.912741e+003,9.734989e+000
1.913705e+003,9.553320e+000
1.914669e+003,9.618722e+000
1.915633e+003,9.951729e+000
1.916598e+003,1.049847e+001
1.917562e+003,1.112058e+001
1.918526e+003,1.175222e+001
1.919490e+003,1.231982e+001
1.920454e+003,1.258870e+001
1.921419e+003,1.230134e+001
1.922383e+003,1.188791e+001
1.923347e+003,1.165936e+001
1.924311e+003,1.149615e+001
1.925276e+003,1.118735e+001
1.926240e+003,1.085695e+001
1.927204e+003,1.055648e+001
1.928168e+003,1.033373e+001
1.929133e+003,1.027210e+001
1.930097e+003,1.027973e+001
1.931061e+003,1.006744e+001
1.932025e+003,9.756233e+000
1.932990e+003,9.674034e+000
1.933954e+003,9.702841e+000
1.934918e+003,9.391390e+000
1.935882e+003,9.173160e+000
1.936846e+003,9.461584e+000
1.937811e+003,1.009853e+001
1.938775e+003,1.057028e+001
1.939739e+003,1.080623e+001
1.940703e+003,1.096735e+001
1.941668e+003,1.117164e+001
1.942632e+003,1.148925e+001
1.943596e+003,1.187347e+001
1.944560e+003,1.185457e+001
1.945525e+003,1.156730e+001
1.946489e+003,1.124171e+001
1.947453e+003,1.065160e+001
1.948417e+003,9.710231e+000
1.949381e+003,8.955252e+000
1.950346e+003,8.694280e+000
1.951310e+003,8.679203e+000
1.952274e+003,8.661882e+000
1.953238e+003,8.909397e+000
1.954203e+003,9.564538e+000
1.955167e+003,1.056736e+001
1.956131e+003,1.174823e+001
1.957095e+003,1.275509e+001
1.958060e+003,1.321880e+001
1.959024e+003,1.330747e+001
1.959988e+003,1.325466e+001
1.960952e+003,1.325651e+001
1.961917e+003,1.343355e+001
1.962881e+003,1.362429e+001
1.963845e+003,1.364821e+001
1.964809e+003,1.355758e+001
1.965773e+003,1.357096e+001
1.966738e+003,1.382932e+001
1.967702e+003,1.415397e+001
1.968666e+003,1.439926e+001
1.969630e+003,1.438550e+001
1.970595e+003,1.399204e+001
1.971559e+003,1.340157e+001
1.972523e+003,1.272560e+001
1.973487e+003,1.202435e+001
1.974452e+003,1.138573e+001
1.975416e+003,1.075973e+001
1.976380e+003,1.025819e+001
1.977344e+003,1.000987e+001
1.978308e+003,9.913115e+000
1.979273e+003,9.846264e+000
1.980237e+003,9.979600e+000
1.981201e+003,1.031938e+001
1.982165e+003,1.078119e+001
1.983130e+003,1.125176e+001
1.984094e+003,1.141752e+001
1.985058e+003,1.101791e+001
1.986022e+003,1.067605e+001
1.986987e+003,1.090482e+001
1.987951e+003,1.136426e+001
1.988915e+003,1.144193e+001
1.989879e+003,1.120564e+001
1.990844e+003,1.060818e+001
1.991808e+003,1.002553e+001
1.992772e+003,1.026303e+001
1.993736e+003,9.933330e+000
1.994700e+003,5.271820e+000
1.995665e+003,6.743524e+000
1.996629e+003,1.077022e+001
1.997593e+003,1.742276e+001
1.998557e+003,2.143039e+001
1.999522e+003,1.649814e+001
