5.008228e+002,4.635208e+002
5.017870e+002,4.586477e+002
5.027513e+002,4.510654e+002
5.037155e+002,4.419779e+002
5.046797e+002,4.355561e+002
5.056440e+002,4.300392e+002
5.066082e+002,4.268473e+002
5.075724e+002,4.255342e+002
5.085367e+002,4.249761e+002
5.095009e+002,4.243662e+002
5.104651e+002,4.229279e+002
5.114294e+002,4.200684e+002
5.123936e+002,4.161894e+002
5.133578e+002,4.124767e+002
5.143221e+002,4.094835e+002
5.152863e+002,4.063062e+002
5.162505e+002,4.018527e+002
5.172148e+002,3.954068e+002
5.181790e+002,3.865048e+002
5.191432e+002,3.751465e+002
5.201075e+002,3.618127e+002
5.210717e+002,3.471657e+002
5.220359e+002,3.316035e+002
5.230002e+002,3.151009e+002
5.239644e+002,2.980171e+002
5.249286e+002,2.808715e+002
5.258929e+002,2.639439e+002
5.268571e+002,2.474981e+002
5.278214e+002,2.316464e+002
5.287856e+002,2.162900e+002
5.297498e+002,2.017367e+002
5.307141e+002,1.884866e+002
5.316783e+002,1.768023e+002
5.326425e+002,1.665755e+002
5.336068e+002,1.573856e+002
5.345710e+002,1.489038e+002
5.355352e+002,1.407302e+002
5.364995e+002,1.325269e+002
5.374637e+002,1.243953e+002
5.384279e+002,1.175118e+002
5.393922e+002,1.127370e+002
5.403564e+002,1.094551e+002
5.413206e+002,1.067483e+002
5.422849e+002,1.042673e+002
5.432491e+002,1.023007e+002
5.442133e+002,1.014186e+002
5.451776e+002,1.016882e+002
5.461418e+002,1.030638e+002
5.471060e+002,1.050068e+002
5.480703e+002,1.062808e+002
5.490345e+002,1.062772e+002
5.499987e+002,1.054055e+002
5.509630e+002,1.045647e+002
5.519272e+002,1.045282e+002
5.528914e+002,1.049235e+002
5.538557e+002,1.049571e+002
5.548199e+002,1.046496e+002
5.557841e+002,1.046672e+002
5.567484e+002,1.055230e+002
5.577126e+002,1.073482e+002
5.586768e+002,1.099329e+002
5.596411e+002,1.128876e+002
5.606053e+002,1.152011e+002
5.615695e+002,1.158771e+002
5.625338e+002,1.146862e+002
5.634980e+002,1.123506e+002
5.644622e+002,1.095696e+002
5.654265e+002,1.073495e+002
5.663907e+002,1.065989e+002
5.673549e+002,1.074634e+002
5.683192e+002,1.090849e+002
5.692834e+002,1.105233e+002
5.702476e+002,1.114788e+002
5.712119e+002,1.121482e+002
5.721761e+002,1.127243e+002
5.731403e+002,1.138721e+002
5.741046e+002,1.161775e+002
5.750688e+002,1.195258e+002
5.760330e+002,1.226214e+002
5.769973e+002,1.245770e+002
5.779615e+002,1.252837e+002
5.789257e+002,1.249895e+002
5.798900e+002,1.241265e+002
5.808542e+002,1.236084e+002
5.818184e+002,1.243036e+002
5.827827e+002,1.253092e+002
5.837469e+002,1.248124e+002
5.847111e+002,1.224349e+002
5.856754e+002,1.194457e+002
5.866396e+002,1.176001e+002
5.876038e+002,1.178000e+002
5.885681e+002,1.201192e+002
5.895323e+002,1.242802e+002
5.904965e+002,1.292344e+002
5.914608e+002,1.342189e+002
5.924250e+002,1.392945e+002
5.933892e+002,1.436329e+002
5.943535e+002,1.471888e+002
5.953177e+002,1.505349e+002
5.962819e+002,1.541439e+002
5.972462e+002,1.588922e+002
5.982104e+002,1.661379e+002
5.991746e+002,1.766736e+002
6.001389e+002,1.899254e+002
6.011031e+002,2.032178e+002
6.020673e+002,2.149955e+002
6.030316e+002,2.247704e+002
6.039958e+002,2.321850e+002
6.049600e+002,2.370590e+002
6.059243e+002,2.389723e+002
6.068885e+002,2.380070e+002
6.078527e+002,2.347120e+002
6.088169e+002,2.298685e+002
6.097811e+002,2.242740e+002
6.107454e+002,2.186792e+002
6.117096e+002,2.137592e+002
6.126738e+002,2.093847e+002
6.136381e+002,2.045635e+002
6.146023e+002,1.992030e+002
6.155665e+002,1.940177e+002
6.165308e+002,1.898424e+002
6.174950e+002,1.868693e+002
6.184592e+002,1.846433e+002
6.194235e+002,1.827368e+002
6.203877e+002,1.805387e+002
6.213519e+002,1.776890e+002
6.223162e+002,1.743884e+002
6.232804e+002,1.708693e+002
6.242446e+002,1.675565e+002
6.252089e+002,1.646091e+002
6.261731e+002,1.618430e+002
6.271373e+002,1.595146e+002
6.281016e+002,1.584478e+002
6.290658e+002,1.592538e+002
6.300300e+002,1.610730e+002
6.309943e+002,1.620477e+002
6.319585e+002,1.612764e+002
6.329227e+002,1.588081e+002
6.338870e+002,1.550810e+002
6.348512e+002,1.509980e+002
6.358154e+002,1.482067e+002
6.367797e+002,1.475827e+002
6.377439e+002,1.480892e+002
6.387081e+002,1.483737e+002
6.396724e+002,1.479519e+002
6.406366e+002,1.472884e+002
6.416008e+002,1.467965e+002
6.425651e+002,1.468423e+002
6.435293e+002,1.479745e+002
6.444935e+002,1.501513e+002
6.454578e+002,1.526657e+002
6.464220e+002,1.549187e+002
6.473862e+002,1.566376e+002
6.483505e+002,1.579715e+002
6.493147e+002,1.589956e+002
6.502789e+002,1.599373e+002
6.512432e+002,1.610663e+002
6.522074e+002,1.625280e+002
6.531716e+002,1.643199e+002
6.541359e+002,1.663205e+002
6.551001e+002,1.683105e+002
6.560643e+002,1.700560e+002
6.570286e+002,1.713922e+002
6.579928e+002,1.721398e+002
6.589570e+002,1.721768e+002
6.599213e+002,1.716236e+002
6.608855e+002,1.705727e+002
6.618497e+002,1.691515e+002
6.628140e+002,1.675768e+002
6.637782e+002,1.660024e+002
6.647424e+002,1.638736e+002
6.657067e+002,1.602951e+002
6.666709e+002,1.549532e+002
6.676351e+002,1.480801e+002
6.685994e+002,1.401687e+002
6.695636e+002,1.322543e+002
6.705278e+002,1.258878e+002
6.714921e+002,1.218903e+002
6.724563e+002,1.199022e+002
6.734205e+002,1.191963e+002
6.743848e+002,1.186737e+002
6.753490e+002,1.167933e+002
6.763132e+002,1.127169e+002
6.772775e+002,1.076132e+002
6.782417e+002,1.031670e+002
6.792059e+002,1.001846e+002
6.801702e+002,9.895656e+001
6.811344e+002,9.947139e+001
6.820986e+002,1.010032e+002
6.830629e+002,1.024970e+002
6.840271e+002,1.033644e+002
6.849913e+002,1.039927e+002
6.859556e+002,1.045711e+002
6.869198e+002,1.054202e+002
6.878840e+002,1.070781e+002
6.888483e+002,1.095882e+002
6.898125e+002,1.122852e+002
6.907767e+002,1.144752e+002
6.917410e+002,1.151374e+002
6.927052e+002,1.132913e+002
6.936694e+002,1.087932e+002
6.946337e+002,1.027899e+002
6.955979e+002,9.676169e+001
6.965621e+002,9.135048e+001
6.975264e+002,8.651736e+001
6.984906e+002,8.236859e+001
6.994548e+002,7.895418e+001
7.004191e+002,7.624324e+001
7.013833e+002,7.418265e+001
7.023475e+002,7.288808e+001
7.033118e+002,7.220744e+001
7.042760e+002,7.163651e+001
7.052402e+002,7.066920e+001
7.062045e+002,6.936200e+001
7.071687e+002,6.872864e+001
7.081329e+002,6.931624e+001
7.090972e+002,7.092961e+001
7.100614e+002,7.302975e+001
7.110256e+002,7.498564e+001
7.119899e+002,7.550179e+001
7.129541e+002,7.379558e+001
7.139183e+002,7.076134e+001
7.148826e+002,6.805684e+001
7.158468e+002,6.639027e+001
7.168110e+002,6.551833e+001
7.177753e+002,6.489717e+001
7.187395e+002,6.502417e+001
7.197037e+002,6.602573e+001
7.206680e+002,6.748865e+001
7.216322e+002,6.878909e+001
7.225964e+002,6.908138e+001
7.235607e+002,6.772433e+001
7.245249e+002,6.426942e+001
7.254891e+002,5.907001e+001
7.264534e+002,5.426828e+001
7.274176e+002,5.160111e+001
7.283818e+002,5.101127e+001
7.293461e+002,5.111905e+001
7.303103e+002,5.084231e+001
7.312745e+002,5.015265e+001
7.322388e+002,4.929048e+001
7.332030e+002,4.807120e+001
7.341672e+002,4.611181e+001
7.351315e+002,4.316818e+001
7.360957e+002,4.079604e+001
7.370599e+002,3.999485e+001
7.380242e+002,4.078792e+001
7.389884e+002,4.281717e+001
7.399526e+002,4.545184e+001
7.409169e+002,4.761707e+001
7.418811e+002,4.821063e+001
7.428453e+002,4.718057e+001
7.438096e+002,4.647380e+001
7.447738e+002,4.712315e+001
7.457380e+002,4.915999e+001
7.467023e+002,5.237653e+001
7.476665e+002,5.640008e+001
7.486307e+002,6.047734e+001
7.495950e+002,6.430522e+001
7.505592e+002,6.849646e+001
7.515234e+002,7.403961e+001
7.524877e+002,8.144835e+001
7.534519e+002,8.958714e+001
7.544161e+002,9.769640e+001
7.553804e+002,1.062749e+002
7.563446e+002,1.156511e+002
7.573088e+002,1.259538e+002
7.582731e+002,1.371376e+002
7.592373e+002,1.490734e+002
7.602015e+002,1.604708e+002
7.611658e+002,1.688447e+002
7.621300e+002,1.735654e+002
7.630942e+002,1.762248e+002
7.640585e+002,1.781154e+002
7.650227e+002,1.793835e+002
7.659869e+002,1.796446e+002
7.669512e+002,1.781546e+002
7.679154e+002,1.734776e+002
7.688796e+002,1.648293e+002
7.698439e+002,1.533525e+002
7.708081e+002,1.414654e+002
7.717723e+002,1.306597e+002
7.727366e+002,1.212285e+002
7.737008e+002,1.132178e+002
7.746650e+002,1.062083e+002
7.756293e+002,9.961044e+001
7.765935e+002,9.308008e+001
7.775577e+002,8.726782e+001
7.785220e+002,8.300671e+001
7.794862e+002,7.964330e+001
7.804504e+002,7.578648e+001
7.814147e+002,7.070961e+001
7.823789e+002,6.541945e+001
7.833431e+002,6.096648e+001
7.843074e+002,5.767231e+001
7.852716e+002,5.554027e+001
7.862358e+002,5.435803e+001
7.872001e+002,5.346709e+001
7.881643e+002,5.228978e+001
7.891285e+002,5.024542e+001
7.900928e+002,4.760643e+001
7.910570e+002,4.490270e+001
7.920212e+002,4.336058e+001
7.929855e+002,4.402444e+001
7.939497e+002,4.658598e+001
7.949139e+002,5.000040e+001
7.958782e+002,5.317065e+001
7.968424e+002,5.451265e+001
7.978066e+002,5.302718e+001
7.987709e+002,4.949700e+001
7.997351e+002,4.617484e+001
8.006993e+002,4.464030e+001
8.016636e+002,4.477834e+001
8.026278e+002,4.608591e+001
8.035920e+002,4.848470e+001
8.045563e+002,5.219131e+001
8.055205e+002,5.705146e+001
8.064847e+002,6.181689e+001
8.074490e+002,6.579698e+001
8.084132e+002,6.909822e+001
8.093774e+002,7.234467e+001
8.103417e+002,7.622147e+001
8.113059e+002,8.044067e+001
8.122701e+002,8.517258e+001
8.132344e+002,9.060173e+001
8.141986e+002,9.584793e+001
8.151628e+002,1.005424e+002
8.161271e+002,1.049630e+002
8.170913e+002,1.095505e+002
8.180555e+002,1.138788e+002
8.190198e+002,1.163301e+002
8.199840e+002,1.163018e+002
8.209482e+002,1.142649e+002
8.219125e+002,1.108117e+002
8.228767e+002,1.066657e+002
8.238409e+002,1.024580e+002
8.248052e+002,9.828589e+001
8.257694e+002,9.357126e+001
8.267336e+002,8.781767e+001
8.276979e+002,8.106636e+001
8.286621e+002,7.373737e+001
8.296263e+002,6.630623e+001
8.305906e+002,5.952067e+001
8.315548e+002,5.405160e+001
8.325190e+002,5.009875e+001
8.334833e+002,4.761654e+001
8.344475e+002,4.623888e+001
8.354117e+002,4.529783e+001
8.363760e+002,4.435754e+001
8.373402e+002,4.326586e+001
8.383044e+002,4.211048e+001
8.392687e+002,4.102177e+001
8.402329e+002,3.969943e+001
8.411971e+002,3.828838e+001
8.421614e+002,3.682976e+001
8.431256e+002,3.509464e+001
8.440898e+002,3.325289e+001
8.450541e+002,3.201300e+001
8.460183e+002,3.202003e+001
8.469825e+002,3.313885e+001
8.479468e+002,3.434860e+001
8.489110e+002,3.530606e+001
8.498752e+002,3.631658e+001
8.508395e+002,3.765829e+001
8.518037e+002,3.895168e+001
8.527679e+002,3.987437e+001
8.537322e+002,4.013019e+001
8.546964e+002,3.937555e+001
8.556606e+002,3.746474e+001
8.566249e+002,3.502696e+001
8.575891e+002,3.310468e+001
8.585533e+002,3.201918e+001
8.595176e+002,3.119706e+001
8.604818e+002,3.030698e+001
8.614460e+002,2.949860e+001
8.624103e+002,2.905275e+001
8.633745e+002,2.898857e+001
8.643387e+002,2.938454e+001
8.653030e+002,3.031244e+001
8.662672e+002,3.160689e+001
8.672314e+002,3.306047e+001
8.681957e+002,3.440992e+001
8.691599e+002,3.540735e+001
8.701241e+002,3.602615e+001
8.710884e+002,3.622473e+001
8.720526e+002,3.599467e+001
8.730168e+002,3.547800e+001
8.739811e+002,3.486680e+001
8.749453e+002,3.439806e+001
8.759095e+002,3.411919e+001
8.768738e+002,3.377736e+001
8.778380e+002,3.322972e+001
8.788022e+002,3.233275e+001
8.797665e+002,3.107203e+001
8.807307e+002,2.958832e+001
8.816949e+002,2.786728e+001
8.826592e+002,2.599942e+001
8.836234e+002,2.422556e+001
8.845876e+002,2.266613e+001
8.855519e+002,2.113485e+001
8.865161e+002,1.936735e+001
8.874803e+002,1.744159e+001
8.884446e+002,1.570030e+001
8.894088e+002,1.432048e+001
8.903730e+002,1.345034e+001
8.913373e+002,1.309784e+001
8.923015e+002,1.293209e+001
8.932657e+002,1.255944e+001
8.942300e+002,1.179359e+001
8.951942e+002,1.065386e+001
8.961584e+002,9.264006e+000
8.971227e+002,7.853319e+000
8.980869e+002,6.785513e+000
8.990511e+002,6.354671e+000
9.000154e+002,6.554568e+000
9.009796e+002,7.306492e+000
9.019438e+002,8.552648e+000
9.029081e+002,1.020292e+001
9.038723e+002,1.187409e+001
9.048365e+002,1.308625e+001
9.058008e+002,1.354601e+001
9.067650e+002,1.328436e+001
9.077292e+002,1.245496e+001
9.086935e+002,1.160834e+001
9.096577e+002,1.151936e+001
9.106219e+002,1.236222e+001
9.115862e+002,1.339372e+001
9.125504e+002,1.372725e+001
9.135146e+002,1.331278e+001
9.144789e+002,1.263118e+001
9.154431e+002,1.194470e+001
9.164073e+002,1.164733e+001
9.173716e+002,1.206803e+001
9.183358e+002,1.288036e+001
9.193000e+002,1.322485e+001
9.202643e+002,1.295846e+001
9.212285e+002,1.329715e+001
9.221927e+002,1.511336e+001
9.231570e+002,1.781156e+001
9.241212e+002,2.011820e+001
9.250854e+002,2.119228e+001
9.260497e+002,2.050195e+001
9.270139e+002,1.805607e+001
9.279781e+002,1.524692e+001
9.289424e+002,1.400824e+001
9.299066e+002,1.470885e+001
9.308708e+002,1.561238e+001
9.318351e+002,1.547869e+001
9.327993e+002,1.455585e+001
9.337635e+002,1.334321e+001
9.347277e+002,1.206275e+001
9.356920e+002,1.067759e+001
9.366562e+002,9.525904e+000
9.376204e+002,9.197511e+000
9.385847e+002,9.265808e+000
9.395489e+002,9.463748e+000
9.405131e+002,9.656824e+000
9.414774e+002,9.773865e+000
9.424416e+002,1.002400e+001
9.434058e+002,9.929394e+000
9.443701e+002,9.400778e+000
9.453343e+002,9.115662e+000
9.462985e+002,9.249487e+000
9.472628e+002,9.338793e+000
9.482270e+002,8.706675e+000
9.491912e+002,7.795699e+000
9.501555e+002,7.796886e+000
9.511197e+002,8.817200e+000
9.520839e+002,9.925020e+000
9.530482e+002,1.041590e+001
9.540124e+002,1.005153e+001
9.549766e+002,8.925331e+000
9.559409e+002,7.524741e+000
9.569051e+002,6.842475e+000
9.578693e+002,7.455366e+000
9.588336e+002,8.886653e+000
9.597978e+002,1.041266e+001
9.607620e+002,1.178400e+001
9.617263e+002,1.287164e+001
9.626905e+002,1.364962e+001
9.636547e+002,1.452020e+001
9.646190e+002,1.595496e+001
9.655832e+002,1.772137e+001
9.665474e+002,1.913528e+001
9.675117e+002,2.020572e+001
9.684759e+002,2.155608e+001
9.694401e+002,2.357617e+001
9.704044e+002,2.581998e+001
9.713686e+002,2.789536e+001
9.723328e+002,2.964054e+001
9.732971e+002,3.075210e+001
9.742613e+002,3.114351e+001
9.752255e+002,3.072814e+001
9.761898e+002,2.990983e+001
9.771540e+002,2.899628e+001
9.781182e+002,2.784380e+001
9.790825e+002,2.655546e+001
9.800467e+002,2.528292e+001
9.810109e+002,2.424222e+001
9.819752e+002,2.408445e+001
9.829394e+002,2.485868e+001
9.839036e+002,2.650294e+001
9.848679e+002,2.885208e+001
9.858321e+002,3.183652e+001
9.867963e+002,3.445892e+001
9.877606e+002,3.570432e+001
9.887248e+002,3.593767e+001
9.896890e+002,3.673772e+001
9.906533e+002,3.916176e+001
9.916175e+002,4.271440e+001
9.925817e+002,4.666307e+001
9.935460e+002,5.147634e+001
9.945102e+002,5.700567e+001
9.954744e+002,6.293921e+001
9.964387e+002,6.909602e+001
9.974029e+002,7.535542e+001
9.983671e+002,8.128740e+001
9.993314e+002,8.562906e+001
1.000296e+003,8.764134e+001
1.001260e+003,8.785358e+001
1.002224e+003,8.696259e+001
1.003188e+003,8.524718e+001
1.004153e+003,8.271751e+001
1.005117e+003,7.970747e+001
1.006081e+003,7.680626e+001
1.007045e+003,7.452092e+001
1.008009e+003,7.376123e+001
1.008974e+003,7.481245e+001
1.009938e+003,7.687271e+001
1.010902e+003,7.885466e+001
1.011866e+003,7.985808e+001
1.012831e+003,7.913609e+001
1.013795e+003,7.635840e+001
1.014759e+003,7.218347e+001
1.015723e+003,6.817566e+001
1.016688e+003,6.528926e+001
1.017652e+003,6.343632e+001
1.018616e+003,6.252986e+001
1.019580e+003,6.124889e+001
1.020544e+003,5.853366e+001
1.021509e+003,5.502048e+001
1.022473e+003,5.212257e+001
1.023437e+003,5.059586e+001
1.024401e+003,5.029109e+001
1.025366e+003,5.090768e+001
1.026330e+003,5.239019e+001
1.027294e+003,5.352127e+001
1.028258e+003,5.346950e+001
1.029223e+003,5.237495e+001
1.030187e+003,5.057641e+001
1.031151e+003,4.871347e+001
1.032115e+003,4.677359e+001
1.033080e+003,4.473399e+001
1.034044e+003,4.293483e+001
1.035008e+003,4.151492e+001
1.035972e+003,4.038470e+001
1.036937e+003,3.910834e+001
1.037901e+003,3.728068e+001
1.038865e+003,3.524379e+001
1.039829e+003,3.326191e+001
1.040793e+003,3.168239e+001
1.041758e+003,3.056468e+001
1.042722e+003,2.962980e+001
1.043686e+003,2.890267e+001
1.044650e+003,2.817556e+001
1.045615e+003,2.684207e+001
1.046579e+003,2.443179e+001
1.047543e+003,2.213309e+001
1.048507e+003,2.113050e+001
1.049471e+003,2.004312e+001
1.050436e+003,1.679684e+001
1.051400e+003,1.110487e+001
1.052364e+003,5.577062e+000
1.053328e+003,1.847178e+000
1.054293e+003,0.000000e+000
1.055257e+003,7.292538e-001
1.056221e+003,3.835371e+000
1.057185e+003,7.405706e+000
1.058150e+003,9.647814e+000
1.059114e+003,1.008895e+001
1.060078e+003,1.048295e+001
1.061042e+003,1.107913e+001
1.062007e+003,1.117158e+001
1.062971e+003,1.055895e+001
1.063935e+003,9.725713e+000
1.064899e+003,9.452837e+000
1.065864e+003,1.007660e+001
1.066828e+003,1.123424e+001
1.067792e+003,1.252914e+001
1.068756e+003,1.339548e+001
1.069720e+003,1.364811e+001
1.070685e+003,1.355572e+001
1.071649e+003,1.333771e+001
1.072613e+003,1.306224e+001
1.073577e+003,1.287142e+001
1.074542e+003,1.277140e+001
1.075506e+003,1.236002e+001
1.076470e+003,1.121978e+001
1.077434e+003,9.612988e+000
1.078398e+003,8.183434e+000
1.079363e+003,7.317422e+000
1.080327e+003,7.091213e+000
1.081291e+003,7.406740e+000
1.082255e+003,8.100853e+000
1.083220e+003,8.853184e+000
1.084184e+003,9.318084e+000
1.085148e+003,9.232402e+000
1.086112e+003,8.663273e+000
1.087077e+003,7.941395e+000
1.088041e+003,7.302856e+000
1.089005e+003,6.730249e+000
1.089969e+003,6.143844e+000
1.090934e+003,5.666517e+000
1.091898e+003,5.350825e+000
1.092862e+003,5.094686e+000
1.093826e+003,4.951489e+000
1.094791e+003,5.064116e+000
1.095755e+003,5.075982e+000
1.096719e+003,4.389957e+000
1.097683e+003,3.496265e+000
1.098647e+003,3.595288e+000
1.099612e+003,5.174755e+000
1.100576e+003,7.225968e+000
1.101540e+003,8.668159e+000
1.102504e+003,9.420995e+000
1.103469e+003,9.348848e+000
1.104433e+003,8.654684e+000
1.105397e+003,8.625328e+000
1.106361e+003,1.044453e+001
1.107325e+003,1.280334e+001
1.108290e+003,1.362707e+001
1.109254e+003,1.261137e+001
1.110218e+003,1.095283e+001
1.111182e+003,9.519453e+000
1.112147e+003,8.175386e+000
1.113111e+003,7.104065e+000
1.114075e+003,6.958644e+000
1.115039e+003,7.015415e+000
1.116004e+003,7.104784e+000
1.116968e+003,8.006560e+000
1.117932e+003,1.022652e+001
1.118896e+003,1.271953e+001
1.119860e+003,1.386477e+001
1.120825e+003,1.335435e+001
1.121789e+003,1.197295e+001
1.122753e+003,1.044265e+001
1.123717e+003,9.723148e+000
1.124682e+003,1.036266e+001
1.125646e+003,1.204738e+001
1.126610e+003,1.361955e+001
1.127574e+003,1.452910e+001
1.128539e+003,1.474747e+001
1.129503e+003,1.423091e+001
1.130467e+003,1.278726e+001
1.131431e+003,1.082225e+001
1.132396e+003,8.956619e+000
1.133360e+003,7.807231e+000
1.134324e+003,7.284274e+000
1.135288e+003,6.829674e+000
1.136252e+003,6.408761e+000
1.137217e+003,6.266604e+000
1.138181e+003,6.414693e+000
1.139145e+003,6.883882e+000
1.140109e+003,7.999027e+000
1.141074e+003,9.832806e+000
1.142038e+003,1.153077e+001
1.143002e+003,1.211385e+001
1.143966e+003,1.139023e+001
1.144931e+003,9.764124e+000
1.145895e+003,8.193982e+000
1.146859e+003,7.429801e+000
1.147823e+003,7.742610e+000
1.148787e+003,8.825738e+000
1.149752e+003,1.020859e+001
1.150716e+003,1.152479e+001
1.151680e+003,1.232459e+001
1.152644e+003,1.223396e+001
1.153609e+003,1.155948e+001
1.154573e+003,1.072032e+001
1.155537e+003,9.831717e+000
1.156501e+003,8.806904e+000
1.157466e+003,8.147275e+000
1.158430e+003,8.404662e+000
1.159394e+003,9.487909e+000
1.160358e+003,1.051087e+001
1.161323e+003,1.091798e+001
1.162287e+003,1.084865e+001
1.163251e+003,1.047264e+001
1.164215e+003,1.000961e+001
1.165179e+003,1.007527e+001
1.166144e+003,1.086551e+001
1.167108e+003,1.181694e+001
1.168072e+003,1.219899e+001
1.169036e+003,1.202339e+001
1.170001e+003,1.175861e+001
1.170965e+003,1.178883e+001
1.171929e+003,1.240245e+001
1.172893e+003,1.357201e+001
1.173858e+003,1.498025e+001
1.174822e+003,1.610304e+001
1.175786e+003,1.633533e+001
1.176750e+003,1.526453e+001
1.177714e+003,1.374500e+001
1.178679e+003,1.307093e+001
1.179643e+003,1.385572e+001
1.180607e+003,1.581350e+001
1.181571e+003,1.850604e+001
1.182536e+003,2.112968e+001
1.183500e+003,2.263874e+001
1.184464e+003,2.292364e+001
1.185428e+003,2.327576e+001
1.186393e+003,2.463171e+001
1.187357e+003,2.686854e+001
1.188321e+003,2.943852e+001
1.189285e+003,3.180257e+001
1.190250e+003,3.331763e+001
1.191214e+003,3.361501e+001
1.192178e+003,3.299249e+001
1.193142e+003,3.191591e+001
1.194106e+003,3.048089e+001
1.195071e+003,2.879816e+001
1.196035e+003,2.747267e+001
1.196999e+003,2.709666e+001
1.197963e+003,2.748369e+001
1.198928e+003,2.762318e+001
1.199892e+003,2.722372e+001
1.200856e+003,2.675346e+001
1.201820e+003,2.646311e+001
1.202785e+003,2.605311e+001
1.203749e+003,2.538413e+001
1.204713e+003,2.477450e+001
1.205677e+003,2.402426e+001
1.206641e+003,2.270709e+001
1.207606e+003,2.156250e+001
1.208570e+003,2.173026e+001
1.209534e+003,2.268588e+001
1.210498e+003,2.298675e+001
1.211463e+003,2.215284e+001
1.212427e+003,2.095910e+001
1.213391e+003,2.010642e+001
1.214355e+003,1.987339e+001
1.215320e+003,2.062223e+001
1.216284e+003,2.194307e+001
1.217248e+003,2.240945e+001
1.218212e+003,2.156518e+001
1.219177e+003,2.061302e+001
1.220141e+003,2.051355e+001
1.221105e+003,2.098823e+001
1.222069e+003,2.149147e+001
1.223033e+003,2.184629e+001
1.223998e+003,2.166583e+001
1.224962e+003,2.082021e+001
1.225926e+003,1.975025e+001
1.226890e+003,1.950800e+001
1.227855e+003,2.058709e+001
1.228819e+003,2.281378e+001
1.229783e+003,2.488778e+001
1.230747e+003,2.544640e+001
1.231712e+003,2.472453e+001
1.232676e+003,2.374002e+001
1.233640e+003,2.323375e+001
1.234604e+003,2.345804e+001
1.235568e+003,2.471108e+001
1.236533e+003,2.746489e+001
1.237497e+003,3.072119e+001
1.238461e+003,3.305274e+001
1.239425e+003,3.407970e+001
1.240390e+003,3.416835e+001
1.241354e+003,3.405862e+001
1.242318e+003,3.377819e+001
1.243282e+003,3.346606e+001
1.244247e+003,3.384520e+001
1.245211e+003,3.507291e+001
1.246175e+003,3.617323e+001
1.247139e+003,3.626992e+001
1.248104e+003,3.554105e+001
1.249068e+003,3.491940e+001
1.250032e+003,3.490152e+001
1.250996e+003,3.564324e+001
1.251960e+003,3.740210e+001
1.252925e+003,4.027147e+001
1.253889e+003,4.327650e+001
1.254853e+003,4.485620e+001
1.255817e+003,4.392652e+001
1.256782e+003,4.152843e+001
1.257746e+003,3.897771e+001
1.258710e+003,3.682278e+001
1.259674e+003,3.550870e+001
1.260639e+003,3.543634e+001
1.261603e+003,3.625173e+001
1.262567e+003,3.664388e+001
1.263531e+003,3.557517e+001
1.264495e+003,3.389309e+001
1.265460e+003,3.236184e+001
1.266424e+003,3.126842e+001
1.267388e+003,3.051683e+001
1.268352e+003,3.008365e+001
1.269317e+003,3.021662e+001
1.270281e+003,3.086790e+001
1.271245e+003,3.161434e+001
1.272209e+003,3.172095e+001
1.273174e+003,3.073070e+001
1.274138e+003,2.905725e+001
1.275102e+003,2.730273e+001
1.276066e+003,2.590821e+001
1.277031e+003,2.521822e+001
1.277995e+003,2.549242e+001
1.278959e+003,2.686326e+001
1.279923e+003,2.872670e+001
1.280887e+003,3.019970e+001
1.281852e+003,3.073717e+001
1.282816e+003,3.034540e+001
1.283780e+003,2.960770e+001
1.284744e+003,2.890541e+001
1.285709e+003,2.811665e+001
1.286673e+003,2.702785e+001
1.287637e+003,2.599452e+001
1.288601e+003,2.580249e+001
1.289566e+003,2.609889e+001
1.290530e+003,2.595042e+001
1.291494e+003,2.507269e+001
1.292458e+003,2.434822e+001
1.293422e+003,2.448123e+001
1.294387e+003,2.520895e+001
1.295351e+003,2.658793e+001
1.296315e+003,2.885068e+001
1.297279e+003,3.067747e+001
1.298244e+003,3.033646e+001
1.299208e+003,2.814187e+001
1.300172e+003,2.597340e+001
1.301136e+003,2.496326e+001
1.302101e+003,2.485530e+001
1.303065e+003,2.535526e+001
1.304029e+003,2.654319e+001
1.304993e+003,2.779900e+001
1.305958e+003,2.844608e+001
1.306922e+003,2.878387e+001
1.307886e+003,2.894492e+001
1.308850e+003,2.881869e+001
1.309814e+003,2.788725e+001
1.310779e+003,2.585155e+001
1.311743e+003,2.337948e+001
1.312707e+003,2.153655e+001
1.313671e+003,2.101764e+001
1.314636e+003,2.126386e+001
1.315600e+003,2.171033e+001
1.316564e+003,2.231936e+001
1.317528e+003,2.288694e+001
1.318493e+003,2.295778e+001
1.319457e+003,2.243974e+001
1.320421e+003,2.214086e+001
1.321385e+003,2.257007e+001
1.322349e+003,2.304028e+001
1.323314e+003,2.293599e+001
1.324278e+003,2.214583e+001
1.325242e+003,2.111066e+001
1.326206e+003,2.022663e+001
1.327171e+003,1.952028e+001
1.328135e+003,1.903974e+001
1.329099e+003,1.882001e+001
1.330063e+003,1.937453e+001
1.331028e+003,2.086785e+001
1.331992e+003,2.276376e+001
1.332956e+003,2.447139e+001
1.333920e+003,2.570182e+001
1.334885e+003,2.593883e+001
1.335849e+003,2.483472e+001
1.336813e+003,2.250190e+001
1.337777e+003,1.991835e+001
1.338741e+003,1.800361e+001
1.339706e+003,1.718673e+001
1.340670e+003,1.730570e+001
1.341634e+003,1.802147e+001
1.342598e+003,1.881419e+001
1.343563e+003,1.951515e+001
1.344527e+003,2.008671e+001
1.345491e+003,2.044103e+001
1.346455e+003,2.064621e+001
1.347420e+003,2.090446e+001
1.348384e+003,2.117019e+001
1.349348e+003,2.129552e+001
1.350312e+003,2.118062e+001
1.351276e+003,2.093051e+001
1.352241e+003,2.070751e+001
1.353205e+003,2.054851e+001
1.354169e+003,2.041235e+001
1.355133e+003,2.020259e+001
1.356098e+003,1.998791e+001
1.357062e+003,1.997981e+001
1.358026e+003,2.011319e+001
1.358990e+003,2.004556e+001
1.359955e+003,1.950607e+001
1.360919e+003,1.875326e+001
1.361883e+003,1.806417e+001
1.362847e+003,1.761044e+001
1.363812e+003,1.768844e+001
1.364776e+003,1.852362e+001
1.365740e+003,1.972543e+001
1.366704e+003,2.062222e+001
1.367668e+003,2.060306e+001
1.368633e+003,1.971508e+001
1.369597e+003,1.829769e+001
1.370561e+003,1.682542e+001
1.371525e+003,1.588237e+001
1.372490e+003,1.603204e+001
1.373454e+003,1.722868e+001
1.374418e+003,1.891353e+001
1.375382e+003,2.033474e+001
1.376346e+003,2.081285e+001
1.377311e+003,2.005081e+001
1.378275e+003,1.855241e+001
1.379239e+003,1.740683e+001
1.380203e+003,1.745546e+001
1.381168e+003,1.845435e+001
1.382132e+003,1.982508e+001
1.383096e+003,2.115142e+001
1.384060e+003,2.193351e+001
1.385025e+003,2.188696e+001
1.385989e+003,2.136983e+001
1.386953e+003,2.095506e+001
1.387917e+003,2.079755e+001
1.388882e+003,2.051138e+001
1.389846e+003,1.980435e+001
1.390810e+003,1.859482e+001
1.391774e+003,1.697164e+001
1.392739e+003,1.506856e+001
1.393703e+003,1.339996e+001
1.394667e+003,1.262401e+001
1.395631e+003,1.295300e+001
1.396595e+003,1.370129e+001
1.397560e+003,1.420868e+001
1.398524e+003,1.419564e+001
1.399488e+003,1.362443e+001
1.400452e+003,1.262520e+001
1.401417e+003,1.168790e+001
1.402381e+003,1.165651e+001
1.403345e+003,1.300691e+001
1.404309e+003,1.506770e+001
1.405273e+003,1.653749e+001
1.406238e+003,1.655731e+001
1.407202e+003,1.633244e+001
1.408166e+003,1.667972e+001
1.409130e+003,1.739974e+001
1.410095e+003,1.832597e+001
1.411059e+003,1.966096e+001
1.412023e+003,2.119616e+001
1.412987e+003,2.186695e+001
1.413952e+003,2.141565e+001
1.414916e+003,2.126893e+001
1.415880e+003,2.187125e+001
1.416844e+003,2.268043e+001
1.417809e+003,2.315147e+001
1.418773e+003,2.337462e+001
1.419737e+003,2.341839e+001
1.420701e+003,2.278447e+001
1.421666e+003,2.125986e+001
1.422630e+003,1.917493e+001
1.423594e+003,1.704450e+001
1.424558e+003,1.538844e+001
1.425522e+003,1.470904e+001
1.426487e+003,1.496611e+001
1.427451e+003,1.552087e+001
1.428415e+003,1.586149e+001
1.429379e+003,1.606812e+001
1.430344e+003,1.647113e+001
1.431308e+003,1.747074e+001
1.432272e+003,1.932115e+001
1.433236e+003,2.185633e+001
1.434200e+003,2.444733e+001
1.435165e+003,2.650481e+001
1.436129e+003,2.790871e+001
1.437093e+003,2.864511e+001
1.438057e+003,2.865979e+001
1.439022e+003,2.837404e+001
1.439986e+003,2.832644e+001
1.440950e+003,2.879352e+001
1.441914e+003,3.000486e+001
1.442879e+003,3.197664e+001
1.443843e+003,3.448586e+001
1.444807e+003,3.701707e+001
1.445771e+003,3.882619e+001
1.446736e+003,3.924906e+001
1.447700e+003,3.832484e+001
1.448664e+003,3.648450e+001
1.449628e+003,3.431456e+001
1.450593e+003,3.232674e+001
1.451557e+003,3.083242e+001
1.452521e+003,3.015990e+001
1.453485e+003,3.037175e+001
1.454449e+003,3.060270e+001
1.455414e+003,2.988766e+001
1.456378e+003,2.791318e+001
1.457342e+003,2.570024e+001
1.458306e+003,2.388522e+001
1.459271e+003,2.244567e+001
1.460235e+003,2.146887e+001
1.461199e+003,2.118916e+001
1.462163e+003,2.128412e+001
1.463127e+003,2.089436e+001
1.464092e+003,1.971248e+001
1.465056e+003,1.870429e+001
1.466020e+003,1.856221e+001
1.466984e+003,1.939617e+001
1.467949e+003,1.992706e+001
1.468913e+003,1.957765e+001
1.469877e+003,1.885156e+001
1.470841e+003,1.828354e+001
1.471806e+003,1.787442e+001
1.472770e+003,1.773750e+001
1.473734e+003,1.810666e+001
1.474698e+003,1.836229e+001
1.475663e+003,1.691140e+001
1.476627e+003,1.419762e+001
1.477591e+003,1.159920e+001
1.478555e+003,1.005681e+001
1.479520e+003,9.715389e+000
1.480484e+003,1.015413e+001
1.481448e+003,1.034416e+001
1.482412e+003,9.546791e+000
1.483376e+003,8.136642e+000
1.484341e+003,7.178721e+000
1.485305e+003,7.132722e+000
1.486269e+003,8.058002e+000
1.487233e+003,9.124287e+000
1.488198e+003,9.227250e+000
1.489162e+003,8.388891e+000
1.490126e+003,7.691604e+000
1.491090e+003,8.051950e+000
1.492054e+003,9.544033e+000
1.493019e+003,1.184317e+001
1.493983e+003,1.408154e+001
1.494947e+003,1.489380e+001
1.495911e+003,1.399740e+001
1.496876e+003,1.257161e+001
1.497840e+003,1.142475e+001
1.498804e+003,1.066754e+001
1.499768e+003,1.033308e+001
1.500733e+003,1.045832e+001
1.501697e+003,1.064225e+001
1.502661e+003,1.099716e+001
1.503625e+003,1.179478e+001
1.504590e+003,1.269079e+001
1.505554e+003,1.289318e+001
1.506518e+003,1.238204e+001
1.507482e+003,1.167599e+001
1.508447e+003,1.123104e+001
1.509411e+003,1.130561e+001
1.510375e+003,1.205507e+001
1.511339e+003,1.278917e+001
1.512303e+003,1.268668e+001
1.513268e+003,1.176484e+001
1.514232e+003,1.064332e+001
1.515196e+003,9.723948e+000
1.516160e+003,9.084003e+000
1.517125e+003,8.955034e+000
1.518089e+003,9.355587e+000
1.519053e+003,9.832176e+000
1.520017e+003,1.023960e+001
1.520981e+003,1.074945e+001
1.521946e+003,1.087603e+001
1.522910e+003,1.029222e+001
1.523874e+003,9.168871e+000
1.524838e+003,8.073610e+000
1.525803e+003,7.694699e+000
1.526767e+003,8.535944e+000
1.527731e+003,1.022730e+001
1.528695e+003,1.191006e+001
1.529660e+003,1.266454e+001
1.530624e+003,1.239264e+001
1.531588e+003,1.143706e+001
1.532552e+003,1.014851e+001
1.533517e+003,9.180526e+000
1.534481e+003,9.427240e+000
1.535445e+003,1.095381e+001
1.536409e+003,1.274556e+001
1.537374e+003,1.371712e+001
1.538338e+003,1.375502e+001
1.539302e+003,1.317562e+001
1.540266e+003,1.228951e+001
1.541230e+003,1.170215e+001
1.542195e+003,1.218726e+001
1.543159e+003,1.408178e+001
1.544123e+003,1.652486e+001
1.545087e+003,1.817487e+001
1.546052e+003,1.838241e+001
1.547016e+003,1.789156e+001
1.547980e+003,1.789482e+001
1.548944e+003,1.866153e+001
1.549908e+003,1.956675e+001
1.550873e+003,2.024853e+001
1.551837e+003,2.124689e+001
1.552801e+003,2.215023e+001
1.553765e+003,2.174592e+001
1.554730e+003,2.024944e+001
1.555694e+003,1.919706e+001
1.556658e+003,1.956105e+001
1.557622e+003,2.007747e+001
1.558587e+003,1.947752e+001
1.559551e+003,1.849984e+001
1.560515e+003,1.825085e+001
1.561479e+003,1.844161e+001
1.562444e+003,1.867752e+001
1.563408e+003,1.977073e+001
1.564372e+003,2.229271e+001
1.565336e+003,2.486119e+001
1.566301e+003,2.562955e+001
1.567265e+003,2.423133e+001
1.568229e+003,2.252699e+001
1.569193e+003,2.190785e+001
1.570157e+003,2.249417e+001
1.571122e+003,2.364052e+001
1.572086e+003,2.500601e+001
1.573050e+003,2.633876e+001
1.574014e+003,2.691465e+001
1.574979e+003,2.669166e+001
1.575943e+003,2.695715e+001
1.576907e+003,2.813166e+001
1.577871e+003,2.948154e+001
1.578835e+003,3.031910e+001
1.579800e+003,3.085166e+001
1.580764e+003,3.102421e+001
1.581728e+003,3.018687e+001
1.582692e+003,2.871774e+001
1.583657e+003,2.750365e+001
1.584621e+003,2.658123e+001
1.585585e+003,2.543810e+001
1.586549e+003,2.418931e+001
1.587514e+003,2.347074e+001
1.588478e+003,2.325103e+001
1.589442e+003,2.287049e+001
1.590406e+003,2.254740e+001
1.591371e+003,2.280691e+001
1.592335e+003,2.369105e+001
1.593299e+003,2.450156e+001
1.594263e+003,2.476581e+001
1.595228e+003,2.460387e+001
1.596192e+003,2.433788e+001
1.597156e+003,2.418460e+001
1.598120e+003,2.449104e+001
1.599084e+003,2.547543e+001
1.600049e+003,2.664707e+001
1.601013e+003,2.699328e+001
1.601977e+003,2.647789e+001
1.602941e+003,2.579186e+001
1.603906e+003,2.556200e+001
1.604870e+003,2.578108e+001
1.605834e+003,2.659385e+001
1.606798e+003,2.814297e+001
1.607762e+003,2.970987e+001
1.608727e+003,3.014327e+001
1.609691e+003,2.943486e+001
1.610655e+003,2.828879e+001
1.611619e+003,2.708039e+001
1.612584e+003,2.602637e+001
1.613548e+003,2.568901e+001
1.614512e+003,2.643167e+001
1.615476e+003,2.736751e+001
1.616441e+003,2.788470e+001
1.617405e+003,2.840977e+001
1.618369e+003,2.948119e+001
1.619333e+003,3.073583e+001
1.620298e+003,3.189757e+001
1.621262e+003,3.282016e+001
1.622226e+003,3.300273e+001
1.623190e+003,3.190104e+001
1.624155e+003,3.039283e+001
1.625119e+003,2.951500e+001
1.626083e+003,2.903141e+001
1.627047e+003,2.844456e+001
1.628011e+003,2.795272e+001
1.628976e+003,2.786984e+001
1.629940e+003,2.753205e+001
1.630904e+003,2.691213e+001
1.631868e+003,2.705095e+001
1.632833e+003,2.822188e+001
1.633797e+003,2.944251e+001
1.634761e+003,3.002582e+001
1.635725e+003,3.027452e+001
1.636689e+003,3.047169e+001
1.637654e+003,2.997829e+001
1.638618e+003,2.890730e+001
1.639582e+003,2.829474e+001
1.640546e+003,2.856068e+001
1.641511e+003,2.924205e+001
1.642475e+003,2.996883e+001
1.643439e+003,3.112832e+001
1.644403e+003,3.226354e+001
1.645368e+003,3.263041e+001
1.646332e+003,3.258592e+001
1.647296e+003,3.282646e+001
1.648260e+003,3.350086e+001
1.649225e+003,3.449882e+001
1.650189e+003,3.581651e+001
1.651153e+003,3.711231e+001
1.652117e+003,3.738314e+001
1.653082e+003,3.637270e+001
1.654046e+003,3.499787e+001
1.655010e+003,3.434258e+001
1.655974e+003,3.468507e+001
1.656938e+003,3.543183e+001
1.657903e+003,3.579374e+001
1.658867e+003,3.560799e+001
1.659831e+003,3.535329e+001
1.660795e+003,3.548663e+001
1.661760e+003,3.619203e+001
1.662724e+003,3.774535e+001
1.663688e+003,4.004335e+001
1.664652e+003,4.230955e+001
1.665616e+003,4.375529e+001
1.666581e+003,4.443785e+001
1.667545e+003,4.464359e+001
1.668509e+003,4.441974e+001
1.669473e+003,4.413035e+001
1.670438e+003,4.417843e+001
1.671402e+003,4.464850e+001
1.672366e+003,4.524383e+001
1.673330e+003,4.580127e+001
1.674295e+003,4.651918e+001
1.675259e+003,4.725315e+001
1.676223e+003,4.760218e+001
1.677187e+003,4.759194e+001
1.678152e+003,4.774229e+001
1.679116e+003,4.809265e+001
1.680080e+003,4.867940e+001
1.681044e+003,4.970922e+001
1.682009e+003,5.102513e+001
1.682973e+003,5.189993e+001
1.683937e+003,5.164792e+001
1.684901e+003,5.005237e+001
1.685865e+003,4.800270e+001
1.686830e+003,4.651447e+001
1.687794e+003,4.598368e+001
1.688758e+003,4.555667e+001
1.689722e+003,4.470541e+001
1.690687e+003,4.383252e+001
1.691651e+003,4.352469e+001
1.692615e+003,4.268939e+001
1.693579e+003,4.118698e+001
1.694543e+003,4.011678e+001
1.695508e+003,3.975976e+001
1.696472e+003,3.937608e+001
1.697436e+003,3.908009e+001
1.698400e+003,3.949703e+001
1.699365e+003,4.060075e+001
1.700329e+003,4.078714e+001
1.701293e+003,3.963617e+001
1.702257e+003,3.777559e+001
1.703222e+003,3.530563e+001
1.704186e+003,3.247000e+001
1.705150e+003,3.019661e+001
1.706114e+003,2.928718e+001
1.707079e+003,2.955594e+001
1.708043e+003,3.055127e+001
1.709007e+003,3.121157e+001
1.709971e+003,3.048258e+001
1.710936e+003,2.803284e+001
1.711900e+003,2.483712e+001
1.712864e+003,2.228325e+001
1.713828e+003,2.118412e+001
1.714792e+003,2.121770e+001
1.715757e+003,2.155939e+001
1.716721e+003,2.117844e+001
1.717685e+003,1.977232e+001
1.718649e+003,1.788179e+001
1.719614e+003,1.624010e+001
1.720578e+003,1.528048e+001
1.721542e+003,1.489903e+001
1.722506e+003,1.467842e+001
1.723470e+003,1.439790e+001
1.724435e+003,1.428551e+001
1.725399e+003,1.435544e+001
1.726363e+003,1.438392e+001
1.727327e+003,1.405588e+001
1.728292e+003,1.296614e+001
1.729256e+003,1.096433e+001
1.730220e+003,9.024814e+000
1.731184e+003,7.964758e+000
1.732149e+003,7.554305e+000
1.733113e+003,7.406269e+000
1.734077e+003,7.710968e+000
1.735041e+003,8.650019e+000
1.736005e+003,8.752187e+000
1.736970e+003,7.631263e+000
1.737934e+003,6.638642e+000
1.738898e+003,6.485330e+000
1.739862e+003,6.959981e+000
1.740827e+003,8.297441e+000
1.741791e+003,1.064002e+001
1.742755e+003,1.335026e+001
1.743719e+003,1.459186e+001
1.744684e+003,1.397635e+001
1.745648e+003,1.241877e+001
1.746612e+003,1.097149e+001
1.747576e+003,1.021700e+001
1.748541e+003,1.033605e+001
1.749505e+003,1.088415e+001
1.750469e+003,1.137501e+001
1.751433e+003,1.168268e+001
1.752397e+003,1.192625e+001
1.753362e+003,1.224725e+001
1.754326e+003,1.277290e+001
1.755290e+003,1.351916e+001
1.756254e+003,1.382995e+001
1.757219e+003,1.302527e+001
1.758183e+003,1.134552e+001
1.759147e+003,9.954924e+000
1.760111e+003,9.527714e+000
1.761075e+003,1.021838e+001
1.762040e+003,1.180295e+001
1.763004e+003,1.346550e+001
1.763968e+003,1.408848e+001
1.764932e+003,1.337914e+001
1.765897e+003,1.204335e+001
1.766861e+003,1.133403e+001
1.767825e+003,1.171678e+001
1.768789e+003,1.275426e+001
1.769754e+003,1.363902e+001
1.770718e+003,1.406756e+001
1.771682e+003,1.441341e+001
1.772646e+003,1.474458e+001
1.773611e+003,1.438008e+001
1.774575e+003,1.347386e+001
1.775539e+003,1.258751e+001
1.776503e+003,1.157255e+001
1.777468e+003,1.013685e+001
1.778432e+003,8.955237e+000
1.779396e+003,8.498011e+000
1.780360e+003,8.444216e+000
1.781324e+003,8.614120e+000
1.782289e+003,9.732463e+000
1.783253e+003,1.094346e+001
1.784217e+003,1.134395e+001
1.785181e+003,1.066174e+001
1.786146e+003,9.211288e+000
1.787110e+003,7.478358e+000
1.788074e+003,6.276704e+000
1.789038e+003,6.190382e+000
1.790002e+003,7.016791e+000
1.790967e+003,7.434512e+000
1.791931e+003,7.575397e+000
1.792895e+003,7.680347e+000
1.793859e+003,7.490558e+000
1.794824e+003,7.072805e+000
1.795788e+003,7.177578e+000
1.796752e+003,7.696735e+000
1.797716e+003,7.670632e+000
1.798681e+003,7.063399e+000
1.799645e+003,6.596126e+000
1.800609e+003,6.178665e+000
1.801573e+003,6.076810e+000
1.802538e+003,6.885541e+000
1.803502e+003,8.776091e+000
1.804466e+003,1.102775e+001
1.805430e+003,1.210731e+001
1.806395e+003,1.098360e+001
1.807359e+003,8.374497e+000
1.808323e+003,5.842690e+000
1.809287e+003,4.638842e+000
1.810251e+003,4.450384e+000
1.811216e+003,4.668478e+000
1.812180e+003,5.115421e+000
1.813144e+003,5.344284e+000
1.814108e+003,4.979617e+000
1.815073e+003,4.898777e+000
1.816037e+003,5.459274e+000
1.817001e+003,6.078946e+000
1.817965e+003,5.964844e+000
1.818929e+003,5.256714e+000
1.819894e+003,4.973451e+000
1.820858e+003,5.865083e+000
1.821822e+003,7.764075e+000
1.822786e+003,1.007960e+001
1.823751e+003,1.172980e+001
1.824715e+003,1.213595e+001
1.825679e+003,1.122330e+001
1.826643e+003,9.262467e+000
1.827608e+003,7.181954e+000
1.828572e+003,5.623892e+000
1.829536e+003,4.579846e+000
1.830500e+003,4.107326e+000
1.831465e+003,4.198007e+000
1.832429e+003,4.784184e+000
1.833393e+003,5.757939e+000
1.834357e+003,7.287111e+000
1.835322e+003,9.129659e+000
1.836286e+003,1.039721e+001
1.837250e+003,1.043782e+001
1.838214e+003,9.671968e+000
1.839178e+003,8.716253e+000
1.840143e+003,7.829346e+000
1.841107e+003,7.190944e+000
1.842071e+003,7.279467e+000
1.843035e+003,8.065560e+000
1.844000e+003,8.460964e+000
1.844964e+003,7.593967e+000
1.845928e+003,6.244584e+000
1.846892e+003,5.530097e+000
1.847856e+003,5.521156e+000
1.848821e+003,5.737485e+000
1.849785e+003,6.152751e+000
1.850749e+003,7.014483e+000
1.851713e+003,7.876141e+000
1.852678e+003,7.953595e+000
1.853642e+003,7.587815e+000
1.854606e+003,7.516186e+000
1.855570e+003,7.698942e+000
1.856535e+003,7.596300e+000
1.857499e+003,7.280434e+000
1.858463e+003,7.477517e+000
1.859427e+003,8.461726e+000
1.860392e+003,9.876109e+000
1.861356e+003,1.155015e+001
1.862320e+003,1.315849e+001
1.863284e+003,1.428139e+001
1.864249e+003,1.437749e+001
1.865213e+003,1.329036e+001
1.866177e+003,1.155251e+001
1.867141e+003,9.573444e+000
1.868105e+003,8.011415e+000
1.869070e+003,7.652839e+000
1.870034e+003,8.369467e+000
1.870998e+003,8.982210e+000
1.871962e+003,9.206085e+000
1.872927e+003,9.687247e+000
1.873891e+003,1.073108e+001
1.874855e+003,1.175100e+001
1.875819e+003,1.266125e+001
1.876783e+003,1.328736e+001
1.877748e+003,1.301661e+001
1.878712e+003,1.123029e+001
1.879676e+003,8.771065e+000
1.880640e+003,7.375783e+000
1.881605e+003,7.663587e+000
1.882569e+003,8.849815e+000
1.883533e+003,1.018120e+001
1.884497e+003,1.111436e+001
1.885462e+003,1.153756e+001
1.886426e+003,1.165677e+001
1.887390e+003,1.169049e+001
1.888354e+003,1.187569e+001
1.889319e+003,1.179724e+001
1.890283e+003,1.130676e+001
1.891247e+003,1.069379e+001
1.892211e+003,1.052386e+001
1.893176e+003,1.125884e+001
1.894140e+003,1.282870e+001
1.895104e+003,1.450567e+001
1.896068e+003,1.554228e+001
1.897032e+003,1.570019e+001
1.897997e+003,1.540624e+001
1.898961e+003,1.463127e+001
1.899925e+003,1.364906e+001
1.900889e+003,1.318357e+001
1.901854e+003,1.342288e+001
1.902818e+003,1.338504e+001
1.903782e+003,1.285857e+001
1.904746e+003,1.241760e+001
1.905710e+003,1.227193e+001
1.906675e+003,1.227334e+001
1.907639e+003,1.289500e+001
1.908603e+003,1.385913e+001
1.909567e+003,1.459035e+001
1.910532e+003,1.439828e+001
1.911496e+003,1.346317e+001
1.912460e+003,1.236517e+001
1.913424e+003,1.164932e+001
1.914389e+003,1.167316e+001
1.915353e+003,1.236629e+001
1.916317e+003,1.301570e+001
1.917281e+003,1.370784e+001
1.918246e+003,1.446904e+001
1.919210e+003,1.496993e+001
1.920174e+003,1.515294e+001
1.921138e+003,1.539233e+001
1.922103e+003,1.561626e+001
1.923067e+003,1.567691e+001
1.924031e+003,1.580355e+001
1.924995e+003,1.606992e+001
1.925959e+003,1.608793e+001
1.926924e+003,1.615371e+001
1.927888e+003,1.653381e+001
1.928852e+003,1.677552e+001
1.929816e+003,1.613824e+001
1.930781e+003,1.529082e+001
1.931745e+003,1.462259e+001
1.932709e+003,1.411378e+001
1.933673e+003,1.411212e+001
1.934637e+003,1.520291e+001
1.935602e+003,1.687445e+001
1.936566e+003,1.827817e+001
1.937530e+003,1.906820e+001
1.938494e+003,1.949603e+001
1.939459e+003,1.899829e+001
1.940423e+003,1.805564e+001
1.941387e+003,1.739108e+001
1.942351e+003,1.692529e+001
1.943316e+003,1.625759e+001
1.944280e+003,1.615557e+001
1.945244e+003,1.742030e+001
1.946208e+003,1.892555e+001
1.947173e+003,1.895214e+001
1.948137e+003,1.792535e+001
1.949101e+003,1.702203e+001
1.950065e+003,1.633259e+001
1.951030e+003,1.560162e+001
1.951994e+003,1.552880e+001
1.952958e+003,1.694153e+001
1.953922e+003,1.892529e+001
1.954886e+003,1.997577e+001
1.955851e+003,2.003009e+001
1.956815e+003,2.017722e+001
1.957779e+003,2.058363e+001
1.958743e+003,2.079268e+001
1.959708e+003,2.065924e+001
1.960672e+003,2.033589e+001
1.961636e+003,1.961203e+001
1.962600e+003,1.849610e+001
1.963564e+003,1.730848e+001
1.964529e+003,1.654112e+001
1.965493e+003,1.611122e+001
1.966457e+003,1.584161e+001
1.967421e+003,1.573597e+001
1.968386e+003,1.600466e+001
1.969350e+003,1.679751e+001
1.970314e+003,1.817456e+001
1.971278e+003,1.976650e+001
1.972243e+003,2.097838e+001
1.973207e+003,2.144020e+001
1.974171e+003,2.117957e+001
1.975135e+003,2.030077e+001
1.976100e+003,1.940743e+001
1.977064e+003,1.903134e+001
1.978028e+003,1.903461e+001
1.978992e+003,1.908030e+001
1.979957e+003,1.911388e+001
1.980921e+003,1.922664e+001
1.981885e+003,1.949451e+001
1.982849e+003,2.000702e+001
1.983813e+003,2.074369e+001
1.984778e+003,2.114691e+001
1.985742e+003,2.094261e+001
1.986706e+003,2.035378e+001
1.987670e+003,1.981969e+001
1.988635e+003,1.963719e+001
1.989599e+003,2.004680e+001
1.990563e+003,2.111893e+001
1.991527e+003,2.240566e+001
1.992491e+003,2.323259e+001
1.993456e+003,2.362027e+001
1.994420e+003,2.345451e+001
1.995384e+003,2.282084e+001
1.996348e+003,2.234371e+001
1.997313e+003,2.087688e+001
1.998277e+003,2.136141e+001
1.999241e+003,2.382564e+001
2.000205e+003,2.432143e+001
