5.001387e+002,1.608614e+002
5.011029e+002,1.611554e+002
5.020672e+002,1.611565e+002
5.030314e+002,1.628382e+002
5.039956e+002,1.667045e+002
5.049599e+002,1.721443e+002
5.059241e+002,1.785062e+002
5.068883e+002,1.873485e+002
5.078526e+002,1.987754e+002
5.088168e+002,2.119296e+002
5.097810e+002,2.259689e+002
5.107453e+002,2.397892e+002
5.117095e+002,2.522522e+002
5.126737e+002,2.624135e+002
5.136379e+002,2.694150e+002
5.146022e+002,2.725268e+002
5.155664e+002,2.715991e+002
5.165306e+002,2.672141e+002
5.174949e+002,2.601826e+002
5.184591e+002,2.513023e+002
5.194233e+002,2.414013e+002
5.203876e+002,2.312748e+002
5.213518e+002,2.217511e+002
5.223160e+002,2.132704e+002
5.232803e+002,2.061187e+002
5.242445e+002,1.999759e+002
5.252087e+002,1.947597e+002
5.261730e+002,1.898124e+002
5.271372e+002,1.842755e+002
5.281014e+002,1.781043e+002
5.290657e+002,1.720741e+002
5.300299e+002,1.670121e+002
5.309941e+002,1.633037e+002
5.319584e+002,1.609378e+002
5.329226e+002,1.598279e+002
5.338868e+002,1.598557e+002
5.348511e+002,1.611402e+002
5.358153e+002,1.636265e+002
5.367795e+002,1.672061e+002
5.377438e+002,1.715465e+002
5.387080e+002,1.761458e+002
5.396722e+002,1.800534e+002
5.406365e+002,1.824821e+002
5.416007e+002,1.830716e+002
5.425649e+002,1.816717e+002
5.435292e+002,1.785353e+002
5.444934e+002,1.745902e+002
5.454576e+002,1.705605e+002
5.464219e+002,1.665452e+002
5.473861e+002,1.622879e+002
5.483503e+002,1.580220e+002
5.493146e+002,1.547481e+002
5.502788e+002,1.534297e+002
5.512430e+002,1.537088e+002
5.522073e+002,1.549447e+002
5.531715e+002,1.565925e+002
5.541357e+002,1.577822e+002
5.551000e+002,1.576259e+002
5.560642e+002,1.561742e+002
5.570284e+002,1.547917e+002
5.579927e+002,1.546642e+002
5.589569e+002,1.553206e+002
5.599211e+002,1.557872e+002
5.608854e+002,1.556826e+002
5.618496e+002,1.553163e+002
5.628138e+002,1.551847e+002
5.637781e+002,1.552645e+002
5.647423e+002,1.547624e+002
5.657065e+002,1.535897e+002
5.666708e+002,1.522208e+002
5.676350e+002,1.511966e+002
5.685992e+002,1.510746e+002
5.695635e+002,1.527672e+002
5.705277e+002,1.568465e+002
5.714919e+002,1.624889e+002
5.724562e+002,1.682322e+002
5.734204e+002,1.732613e+002
5.743846e+002,1.775165e+002
5.753489e+002,1.810748e+002
5.763131e+002,1.838357e+002
5.772773e+002,1.857866e+002
5.782416e+002,1.870670e+002
5.792058e+002,1.881383e+002
5.801700e+002,1.894565e+002
5.811343e+002,1.916374e+002
5.820985e+002,1.953997e+002
5.830627e+002,2.009683e+002
5.840270e+002,2.076976e+002
5.849912e+002,2.145886e+002
5.859554e+002,2.211710e+002
5.869197e+002,2.275911e+002
5.878839e+002,2.340963e+002
5.888481e+002,2.411580e+002
5.898124e+002,2.491699e+002
5.907766e+002,2.582507e+002
5.917408e+002,2.680084e+002
5.927051e+002,2.781660e+002
5.936693e+002,2.886396e+002
5.946335e+002,2.995886e+002
5.955978e+002,3.111822e+002
5.965620e+002,3.233367e+002
5.975262e+002,3.357503e+002
5.984905e+002,3.480768e+002
5.994547e+002,3.601367e+002
6.004189e+002,3.718102e+002
6.013832e+002,3.825483e+002
6.023474e+002,3.921637e+002
6.033116e+002,4.004587e+002
6.042759e+002,4.073836e+002
6.052401e+002,4.129257e+002
6.062043e+002,4.168398e+002
6.071686e+002,4.190283e+002
6.081328e+002,4.199992e+002
6.090970e+002,4.211176e+002
6.100613e+002,4.235222e+002
6.110255e+002,4.282726e+002
6.119897e+002,4.361156e+002
6.129540e+002,4.468928e+002
6.139182e+002,4.593556e+002
6.148824e+002,4.716373e+002
6.158467e+002,4.824920e+002
6.168109e+002,4.915903e+002
6.177751e+002,4.988060e+002
6.187394e+002,5.031581e+002
6.197036e+002,5.032575e+002
6.206678e+002,4.986377e+002
6.216321e+002,4.897689e+002
6.225963e+002,4.777557e+002
6.235605e+002,4.629960e+002
6.245248e+002,4.461472e+002
6.254890e+002,4.282968e+002
6.264532e+002,4.104000e+002
6.274175e+002,3.932003e+002
6.283817e+002,3.768521e+002
6.293459e+002,3.612365e+002
6.303102e+002,3.465900e+002
6.312744e+002,3.330352e+002
6.322386e+002,3.203475e+002
6.332029e+002,3.083951e+002
6.341671e+002,2.969061e+002
6.351313e+002,2.855856e+002
6.360956e+002,2.746456e+002
6.370598e+002,2.640240e+002
6.380240e+002,2.536517e+002
6.389883e+002,2.438245e+002
6.399525e+002,2.345329e+002
6.409167e+002,2.270537e+002
6.418810e+002,2.220461e+002
6.428452e+002,2.191093e+002
6.438094e+002,2.176147e+002
6.447737e+002,2.169276e+002
6.457379e+002,2.163055e+002
6.467021e+002,2.149378e+002
6.476664e+002,2.121806e+002
6.486306e+002,2.077717e+002
6.495948e+002,2.019605e+002
6.505591e+002,1.952120e+002
6.515233e+002,1.881265e+002
6.524875e+002,1.814956e+002
6.534518e+002,1.747175e+002
6.544160e+002,1.688052e+002
6.553802e+002,1.643987e+002
6.563445e+002,1.613243e+002
6.573087e+002,1.591653e+002
6.582729e+002,1.575770e+002
6.592372e+002,1.563066e+002
6.602014e+002,1.551182e+002
6.611656e+002,1.538372e+002
6.621299e+002,1.523730e+002
6.630941e+002,1.509721e+002
6.640583e+002,1.503651e+002
6.650226e+002,1.513068e+002
6.659868e+002,1.538330e+002
6.669510e+002,1.565005e+002
6.679153e+002,1.588270e+002
6.688795e+002,1.608045e+002
6.698438e+002,1.627012e+002
6.708080e+002,1.643228e+002
6.717722e+002,1.652854e+002
6.727365e+002,1.664225e+002
6.737007e+002,1.688797e+002
6.746649e+002,1.735090e+002
6.756292e+002,1.807918e+002
6.765934e+002,1.905584e+002
6.775576e+002,2.033778e+002
6.785219e+002,2.201762e+002
6.794861e+002,2.410357e+002
6.804503e+002,2.643185e+002
6.814146e+002,2.875114e+002
6.823788e+002,3.078577e+002
6.833430e+002,3.222722e+002
6.843073e+002,3.284291e+002
6.852715e+002,3.256357e+002
6.862357e+002,3.150462e+002
6.872000e+002,2.979233e+002
6.881642e+002,2.756326e+002
6.891284e+002,2.496833e+002
6.900927e+002,2.219537e+002
6.910569e+002,1.953516e+002
6.920211e+002,1.721732e+002
6.929854e+002,1.532946e+002
6.939496e+002,1.384877e+002
6.949138e+002,1.275585e+002
6.958781e+002,1.197695e+002
6.968423e+002,1.138171e+002
6.978065e+002,1.092504e+002
6.987708e+002,1.058696e+002
6.997350e+002,1.035209e+002
7.006992e+002,1.021006e+002
7.016635e+002,1.014137e+002
7.026277e+002,1.007923e+002
7.035919e+002,9.964732e+001
7.045562e+002,9.783331e+001
7.055204e+002,9.593856e+001
7.064846e+002,9.445097e+001
7.074489e+002,9.313905e+001
7.084131e+002,9.186852e+001
7.093773e+002,9.078413e+001
7.103416e+002,9.038917e+001
7.113058e+002,9.129585e+001
7.122700e+002,9.259341e+001
7.132343e+002,9.330656e+001
7.141985e+002,9.344553e+001
7.151627e+002,9.342295e+001
7.161270e+002,9.348087e+001
7.170912e+002,9.326606e+001
7.180554e+002,9.250770e+001
7.190197e+002,9.165717e+001
7.199839e+002,9.097593e+001
7.209481e+002,9.022790e+001
7.219124e+002,8.935856e+001
7.228766e+002,8.864845e+001
7.238408e+002,8.844707e+001
7.248051e+002,8.843194e+001
7.257693e+002,8.721426e+001
7.267335e+002,8.476179e+001
7.276978e+002,8.225832e+001
7.286620e+002,8.072395e+001
7.296262e+002,7.984349e+001
7.305905e+002,7.853975e+001
7.315547e+002,7.648897e+001
7.325189e+002,7.427939e+001
7.334832e+002,7.247861e+001
7.344474e+002,7.089774e+001
7.354116e+002,6.895985e+001
7.363759e+002,6.672656e+001
7.373401e+002,6.462619e+001
7.383043e+002,6.286794e+001
7.392686e+002,6.145150e+001
7.402328e+002,6.047661e+001
7.411970e+002,5.997842e+001
7.421613e+002,5.971513e+001
7.431255e+002,5.915033e+001
7.440897e+002,5.826841e+001
7.450540e+002,5.734620e+001
7.460182e+002,5.653003e+001
7.469824e+002,5.570539e+001
7.479467e+002,5.457512e+001
7.489109e+002,5.361161e+001
7.498751e+002,5.382862e+001
7.508394e+002,5.545708e+001
7.518036e+002,5.757998e+001
7.527678e+002,5.919702e+001
7.537321e+002,6.014822e+001
7.546963e+002,6.049708e+001
7.556605e+002,6.000092e+001
7.566248e+002,5.829020e+001
7.575890e+002,5.506267e+001
7.585532e+002,5.103231e+001
7.595175e+002,4.710379e+001
7.604817e+002,4.366600e+001
7.614459e+002,4.088270e+001
7.624102e+002,3.915526e+001
7.633744e+002,3.857276e+001
7.643386e+002,3.864983e+001
7.653029e+002,3.881579e+001
7.662671e+002,3.928802e+001
7.672313e+002,4.056079e+001
7.681956e+002,4.231492e+001
7.691598e+002,4.358574e+001
7.701240e+002,4.388961e+001
7.710883e+002,4.393267e+001
7.720525e+002,4.492756e+001
7.730167e+002,4.701126e+001
7.739810e+002,4.948808e+001
7.749452e+002,5.177192e+001
7.759094e+002,5.380883e+001
7.768737e+002,5.573726e+001
7.778379e+002,5.743234e+001
7.788021e+002,5.884777e+001
7.797664e+002,5.996386e+001
7.807306e+002,6.046653e+001
7.816948e+002,5.982913e+001
7.826591e+002,5.804124e+001
7.836233e+002,5.577910e+001
7.845875e+002,5.383694e+001
7.855518e+002,5.218692e+001
7.865160e+002,5.048738e+001
7.874802e+002,4.871053e+001
7.884445e+002,4.713097e+001
7.894087e+002,4.603685e+001
7.903729e+002,4.541568e+001
7.913372e+002,4.503572e+001
7.923014e+002,4.473618e+001
7.932656e+002,4.433252e+001
7.942299e+002,4.387160e+001
7.951941e+002,4.380740e+001
7.961583e+002,4.468026e+001
7.971226e+002,4.641257e+001
7.980868e+002,4.841219e+001
7.990510e+002,5.031139e+001
8.000153e+002,5.246403e+001
8.009795e+002,5.528741e+001
8.019437e+002,5.906412e+001
8.029080e+002,6.388916e+001
8.038722e+002,6.970998e+001
8.048364e+002,7.591997e+001
8.058007e+002,8.187643e+001
8.067649e+002,8.765831e+001
8.077291e+002,9.381181e+001
8.086934e+002,1.006915e+002
8.096576e+002,1.078159e+002
8.106218e+002,1.141527e+002
8.115861e+002,1.198481e+002
8.125503e+002,1.257088e+002
8.135145e+002,1.320540e+002
8.144788e+002,1.381329e+002
8.154430e+002,1.430972e+002
8.164072e+002,1.468484e+002
8.173715e+002,1.494084e+002
8.183357e+002,1.501641e+002
8.192999e+002,1.487410e+002
8.202642e+002,1.453633e+002
8.212284e+002,1.401604e+002
8.221926e+002,1.330579e+002
8.231569e+002,1.241221e+002
8.241211e+002,1.140518e+002
8.250853e+002,1.043023e+002
8.260496e+002,9.523848e+001
8.270138e+002,8.608609e+001
8.279780e+002,7.643848e+001
8.289423e+002,6.727986e+001
8.299065e+002,5.995758e+001
8.308707e+002,5.477983e+001
8.318350e+002,5.113850e+001
8.327992e+002,4.844373e+001
8.337634e+002,4.648888e+001
8.347277e+002,4.512958e+001
8.356919e+002,4.425684e+001
8.366561e+002,4.387777e+001
8.376204e+002,4.392895e+001
8.385846e+002,4.396740e+001
8.395488e+002,4.329567e+001
8.405131e+002,4.203614e+001
8.414773e+002,4.112248e+001
8.424415e+002,4.117181e+001
8.434058e+002,4.152463e+001
8.443700e+002,4.117256e+001
8.453342e+002,4.023590e+001
8.462985e+002,3.914968e+001
8.472627e+002,3.821682e+001
8.482269e+002,3.747985e+001
8.491912e+002,3.695613e+001
8.501554e+002,3.661586e+001
8.511196e+002,3.635853e+001
8.520839e+002,3.608432e+001
8.530481e+002,3.587927e+001
8.540123e+002,3.621511e+001
8.549766e+002,3.706524e+001
8.559408e+002,3.778495e+001
8.569050e+002,3.783379e+001
8.578693e+002,3.721969e+001
8.588335e+002,3.664913e+001
8.597977e+002,3.631425e+001
8.607620e+002,3.622171e+001
8.617262e+002,3.617255e+001
8.626904e+002,3.573801e+001
8.636547e+002,3.482176e+001
8.646189e+002,3.386616e+001
8.655831e+002,3.332233e+001
8.665474e+002,3.325904e+001
8.675116e+002,3.342131e+001
8.684758e+002,3.364448e+001
8.694401e+002,3.380168e+001
8.704043e+002,3.386522e+001
8.713685e+002,3.400867e+001
8.723328e+002,3.453740e+001
8.732970e+002,3.565534e+001
8.742612e+002,3.723700e+001
8.752255e+002,3.892546e+001
8.761897e+002,4.071554e+001
8.771539e+002,4.322344e+001
8.781182e+002,4.700580e+001
8.790824e+002,5.142514e+001
8.800466e+002,5.520678e+001
8.810109e+002,5.901174e+001
8.819751e+002,6.431894e+001
8.829393e+002,7.079121e+001
8.839036e+002,7.521300e+001
8.848678e+002,7.455435e+001
8.858320e+002,7.156729e+001
8.867963e+002,6.879088e+001
8.877605e+002,6.733701e+001
8.887247e+002,6.753439e+001
8.896890e+002,6.985088e+001
8.906532e+002,7.332832e+001
8.916174e+002,7.657260e+001
8.925817e+002,7.881746e+001
8.935459e+002,8.057469e+001
8.945101e+002,8.354796e+001
8.954744e+002,8.718079e+001
8.964386e+002,8.826357e+001
8.974028e+002,8.406668e+001
8.983671e+002,7.581013e+001
8.993313e+002,6.841682e+001
9.002955e+002,6.271725e+001
9.012598e+002,5.799258e+001
9.022240e+002,5.422891e+001
9.031882e+002,5.188483e+001
9.041525e+002,5.005451e+001
9.051167e+002,4.814074e+001
9.060809e+002,4.624491e+001
9.070452e+002,4.453732e+001
9.080094e+002,4.284322e+001
9.089736e+002,4.058474e+001
9.099379e+002,3.763171e+001
9.109021e+002,3.482396e+001
9.118663e+002,3.292352e+001
9.128306e+002,3.205015e+001
9.137948e+002,3.182566e+001
9.147590e+002,3.211702e+001
9.157233e+002,3.356958e+001
9.166875e+002,3.630212e+001
9.176517e+002,3.958183e+001
9.186160e+002,4.255759e+001
9.195802e+002,4.472729e+001
9.205444e+002,4.594153e+001
9.215087e+002,4.602692e+001
9.224729e+002,4.475644e+001
9.234371e+002,4.221259e+001
9.244014e+002,3.905731e+001
9.253656e+002,3.602095e+001
9.263298e+002,3.317963e+001
9.272941e+002,3.032397e+001
9.282583e+002,2.758217e+001
9.292225e+002,2.540911e+001
9.301868e+002,2.401939e+001
9.311510e+002,2.320127e+001
9.321152e+002,2.274071e+001
9.330795e+002,2.261870e+001
9.340437e+002,2.293389e+001
9.350079e+002,2.363662e+001
9.359722e+002,2.428786e+001
9.369364e+002,2.476887e+001
9.379006e+002,2.546739e+001
9.388649e+002,2.642442e+001
9.398291e+002,2.738173e+001
9.407933e+002,2.848729e+001
9.417576e+002,3.022072e+001
9.427218e+002,3.263820e+001
9.436860e+002,3.542910e+001
9.446503e+002,3.818427e+001
9.456145e+002,4.083139e+001
9.465787e+002,4.334309e+001
9.475430e+002,4.650208e+001
9.485072e+002,5.061219e+001
9.494714e+002,5.493735e+001
9.504357e+002,5.897249e+001
9.513999e+002,6.272636e+001
9.523641e+002,6.620634e+001
9.533284e+002,6.926439e+001
9.542926e+002,7.195142e+001
9.552568e+002,7.426035e+001
9.562211e+002,7.586075e+001
9.571853e+002,7.654326e+001
9.581495e+002,7.613014e+001
9.591138e+002,7.506789e+001
9.600780e+002,7.405057e+001
9.610422e+002,7.381232e+001
9.620065e+002,7.382053e+001
9.629707e+002,7.303342e+001
9.639349e+002,7.116785e+001
9.648992e+002,6.837210e+001
9.658634e+002,6.472459e+001
9.668276e+002,6.021753e+001
9.677919e+002,5.513640e+001
9.687561e+002,4.985653e+001
9.697203e+002,4.460668e+001
9.706846e+002,3.956442e+001
9.716488e+002,3.502171e+001
9.726130e+002,3.156610e+001
9.735773e+002,2.928198e+001
9.745415e+002,2.766726e+001
9.755057e+002,2.635343e+001
9.764700e+002,2.544440e+001
9.774342e+002,2.498528e+001
9.783984e+002,2.453501e+001
9.793627e+002,2.353718e+001
9.803269e+002,2.240457e+001
9.812911e+002,2.174946e+001
9.822554e+002,2.174045e+001
9.832196e+002,2.225644e+001
9.841838e+002,2.318909e+001
9.851481e+002,2.440169e+001
9.861123e+002,2.572772e+001
9.870765e+002,2.740560e+001
9.880408e+002,2.971156e+001
9.890050e+002,3.280478e+001
9.899692e+002,3.661724e+001
9.909335e+002,4.072066e+001
9.918977e+002,4.495876e+001
9.928619e+002,4.944601e+001
9.938262e+002,5.507653e+001
9.947904e+002,6.219293e+001
9.957546e+002,7.043625e+001
9.967189e+002,7.911751e+001
9.976831e+002,8.768321e+001
9.986473e+002,9.532422e+001
9.996116e+002,1.013512e+002
1.000576e+003,1.056813e+002
1.001540e+003,1.084090e+002
1.002504e+003,1.096600e+002
1.003469e+003,1.091425e+002
1.004433e+003,1.067157e+002
1.005397e+003,1.026814e+002
1.006361e+003,9.752966e+001
1.007325e+003,9.203348e+001
1.008290e+003,8.695399e+001
1.009254e+003,8.269916e+001
1.010218e+003,7.904095e+001
1.011182e+003,7.574068e+001
1.012147e+003,7.238188e+001
1.013111e+003,6.892641e+001
1.014075e+003,6.567432e+001
1.015039e+003,6.273059e+001
1.016004e+003,5.986749e+001
1.016968e+003,5.668022e+001
1.017932e+003,5.336597e+001
1.018896e+003,5.037656e+001
1.019860e+003,4.779375e+001
1.020825e+003,4.556289e+001
1.021789e+003,4.395491e+001
1.022753e+003,4.315709e+001
1.023717e+003,4.300403e+001
1.024682e+003,4.307535e+001
1.025646e+003,4.312544e+001
1.026610e+003,4.310392e+001
1.027574e+003,4.291897e+001
1.028539e+003,4.224097e+001
1.029503e+003,4.077057e+001
1.030467e+003,3.845298e+001
1.031431e+003,3.599606e+001
1.032396e+003,3.390670e+001
1.033360e+003,3.206884e+001
1.034324e+003,3.033055e+001
1.035288e+003,2.867450e+001
1.036252e+003,2.769231e+001
1.037217e+003,2.776333e+001
1.038181e+003,2.821296e+001
1.039145e+003,2.828145e+001
1.040109e+003,2.758167e+001
1.041074e+003,2.642811e+001
1.042038e+003,2.474974e+001
1.043002e+003,2.301465e+001
1.043966e+003,2.212452e+001
1.044931e+003,2.229609e+001
1.045895e+003,2.165527e+001
1.046859e+003,1.833306e+001
1.047823e+003,1.399995e+001
1.048787e+003,1.043120e+001
1.049752e+003,8.509809e+000
1.050716e+003,7.685057e+000
1.051680e+003,6.896175e+000
1.052644e+003,5.821470e+000
1.053609e+003,4.718140e+000
1.054573e+003,4.350075e+000
1.055537e+003,5.054033e+000
1.056501e+003,7.330030e+000
1.057466e+003,1.056916e+001
1.058430e+003,1.290560e+001
1.059394e+003,1.275944e+001
1.060358e+003,1.075131e+001
1.061323e+003,9.622084e+000
1.062287e+003,9.732655e+000
1.063251e+003,1.029521e+001
1.064215e+003,1.037037e+001
1.065179e+003,9.777697e+000
1.066144e+003,8.948433e+000
1.067108e+003,8.298120e+000
1.068072e+003,8.163029e+000
1.069036e+003,8.557928e+000
1.070001e+003,9.237974e+000
1.070965e+003,9.802608e+000
1.071929e+003,1.018654e+001
1.072893e+003,1.053362e+001
1.073858e+003,1.081551e+001
1.074822e+003,1.099546e+001
1.075786e+003,1.107277e+001
1.076750e+003,1.094131e+001
1.077714e+003,1.041667e+001
1.078679e+003,9.765074e+000
1.079643e+003,9.433331e+000
1.080607e+003,9.599115e+000
1.081571e+003,1.020806e+001
1.082536e+003,1.118436e+001
1.083500e+003,1.248134e+001
1.084464e+003,1.372944e+001
1.085428e+003,1.438711e+001
1.086393e+003,1.443804e+001
1.087357e+003,1.434251e+001
1.088321e+003,1.448697e+001
1.089285e+003,1.484253e+001
1.090250e+003,1.512460e+001
1.091214e+003,1.547120e+001
1.092178e+003,1.629189e+001
1.093142e+003,1.747202e+001
1.094106e+003,1.832543e+001
1.095071e+003,1.805131e+001
1.096035e+003,1.718803e+001
1.096999e+003,1.660773e+001
1.097963e+003,1.598614e+001
1.098928e+003,1.453279e+001
1.099892e+003,1.225263e+001
1.100856e+003,1.020819e+001
1.101820e+003,9.229277e+000
1.102785e+003,8.674019e+000
1.103749e+003,7.751400e+000
1.104713e+003,6.532259e+000
1.105677e+003,5.485731e+000
1.106641e+003,4.404068e+000
1.107606e+003,2.876188e+000
1.108570e+003,1.023090e+000
1.109534e+003,0.000000e+000
1.110498e+003,1.887817e-001
1.111463e+003,8.451424e-001
1.112427e+003,1.080706e+000
1.113391e+003,9.328175e-001
1.114355e+003,1.134968e+000
1.115320e+003,1.683498e+000
1.116284e+003,1.714203e+000
1.117248e+003,1.259117e+000
1.118212e+003,9.072037e-001
1.119177e+003,1.211674e+000
1.120141e+003,2.300365e+000
1.121105e+003,4.081814e+000
1.122069e+003,6.346901e+000
1.123033e+003,8.979219e+000
1.123998e+003,1.220124e+001
1.124962e+003,1.593688e+001
1.125926e+003,1.942648e+001
1.126890e+003,2.210409e+001
1.127855e+003,2.386243e+001
1.128819e+003,2.512456e+001
1.129783e+003,2.635737e+001
1.130747e+003,2.788014e+001
1.131712e+003,2.964931e+001
1.132676e+003,3.160814e+001
1.133640e+003,3.389669e+001
1.134604e+003,3.624047e+001
1.135568e+003,3.804846e+001
1.136533e+003,3.933597e+001
1.137497e+003,4.085136e+001
1.138461e+003,4.311937e+001
1.139425e+003,4.539445e+001
1.140390e+003,4.680975e+001
1.141354e+003,4.757940e+001
1.142318e+003,4.845479e+001
1.143282e+003,4.977029e+001
1.144247e+003,5.121196e+001
1.145211e+003,5.240544e+001
1.146175e+003,5.370552e+001
1.147139e+003,5.555344e+001
1.148104e+003,5.773133e+001
1.149068e+003,5.972043e+001
1.150032e+003,6.175403e+001
1.150996e+003,6.401527e+001
1.151960e+003,6.619630e+001
1.152925e+003,6.748187e+001
1.153889e+003,6.781720e+001
1.154853e+003,6.789890e+001
1.155817e+003,6.771406e+001
1.156782e+003,6.692671e+001
1.157746e+003,6.546378e+001
1.158710e+003,6.380421e+001
1.159674e+003,6.264655e+001
1.160639e+003,6.183968e+001
1.161603e+003,6.098373e+001
1.162567e+003,5.966923e+001
1.163531e+003,5.779601e+001
1.164495e+003,5.534383e+001
1.165460e+003,5.275503e+001
1.166424e+003,5.062921e+001
1.167388e+003,4.917884e+001
1.168352e+003,4.828931e+001
1.169317e+003,4.764835e+001
1.170281e+003,4.760300e+001
1.171245e+003,4.860581e+001
1.172209e+003,5.059303e+001
1.173174e+003,5.296212e+001
1.174138e+003,5.495480e+001
1.175102e+003,5.638375e+001
1.176066e+003,5.747910e+001
1.177031e+003,5.861131e+001
1.177995e+003,6.023242e+001
1.178959e+003,6.270656e+001
1.179923e+003,6.592325e+001
1.180887e+003,6.948686e+001
1.181852e+003,7.320332e+001
1.182816e+003,7.752616e+001
1.183780e+003,8.268045e+001
1.184744e+003,8.858810e+001
1.185709e+003,9.513730e+001
1.186673e+003,1.021771e+002
1.187637e+003,1.097536e+002
1.188601e+003,1.179914e+002
1.189566e+003,1.265312e+002
1.190530e+003,1.347676e+002
1.191494e+003,1.424943e+002
1.192458e+003,1.500506e+002
1.193422e+003,1.572543e+002
1.194387e+003,1.633084e+002
1.195351e+003,1.678051e+002
1.196315e+003,1.710503e+002
1.197279e+003,1.732003e+002
1.198244e+003,1.743320e+002
1.199208e+003,1.744346e+002
1.200172e+003,1.735987e+002
1.201136e+003,1.720390e+002
1.202101e+003,1.696855e+002
1.203065e+003,1.661803e+002
1.204029e+003,1.615933e+002
1.204993e+003,1.568407e+002
1.205958e+003,1.529863e+002
1.206922e+003,1.500750e+002
1.207886e+003,1.473177e+002
1.208850e+003,1.443295e+002
1.209814e+003,1.410742e+002
1.210779e+003,1.375272e+002
1.211743e+003,1.334700e+002
1.212707e+003,1.287026e+002
1.213671e+003,1.231921e+002
1.214636e+003,1.172161e+002
1.215600e+003,1.110430e+002
1.216564e+003,1.050666e+002
1.217528e+003,9.969559e+001
1.218493e+003,9.537015e+001
1.219457e+003,9.197319e+001
1.220421e+003,8.909175e+001
1.221385e+003,8.638530e+001
1.222349e+003,8.384223e+001
1.223314e+003,8.143306e+001
1.224278e+003,7.902232e+001
1.225242e+003,7.635165e+001
1.226206e+003,7.317750e+001
1.227171e+003,6.945647e+001
1.228135e+003,6.539440e+001
1.229099e+003,6.101470e+001
1.230063e+003,5.686615e+001
1.231028e+003,5.345181e+001
1.231992e+003,5.066809e+001
1.232956e+003,4.814152e+001
1.233920e+003,4.593994e+001
1.234885e+003,4.451086e+001
1.235849e+003,4.404103e+001
1.236813e+003,4.409605e+001
1.237777e+003,4.423402e+001
1.238741e+003,4.411793e+001
1.239706e+003,4.354303e+001
1.240670e+003,4.246021e+001
1.241634e+003,4.146581e+001
1.242598e+003,4.103237e+001
1.243563e+003,4.129178e+001
1.244527e+003,4.178769e+001
1.245491e+003,4.214813e+001
1.246455e+003,4.252497e+001
1.247420e+003,4.306325e+001
1.248384e+003,4.380858e+001
1.249348e+003,4.454181e+001
1.250312e+003,4.484057e+001
1.251276e+003,4.467266e+001
1.252241e+003,4.411829e+001
1.253205e+003,4.330612e+001
1.254169e+003,4.258215e+001
1.255133e+003,4.262533e+001
1.256098e+003,4.319783e+001
1.257062e+003,4.420363e+001
1.258026e+003,4.578881e+001
1.258990e+003,4.810043e+001
1.259955e+003,5.098091e+001
1.260919e+003,5.390968e+001
1.261883e+003,5.660573e+001
1.262847e+003,5.887944e+001
1.263812e+003,6.021661e+001
1.264776e+003,6.013972e+001
1.265740e+003,5.861314e+001
1.266704e+003,5.610838e+001
1.267668e+003,5.307967e+001
1.268633e+003,4.991072e+001
1.269597e+003,4.691955e+001
1.270561e+003,4.475244e+001
1.271525e+003,4.343320e+001
1.272490e+003,4.264762e+001
1.273454e+003,4.218901e+001
1.274418e+003,4.211274e+001
1.275382e+003,4.252209e+001
1.276347e+003,4.314942e+001
1.277311e+003,4.335353e+001
1.278275e+003,4.305917e+001
1.279239e+003,4.230121e+001
1.280203e+003,4.105188e+001
1.281168e+003,3.934158e+001
1.282132e+003,3.774363e+001
1.283096e+003,3.658960e+001
1.284060e+003,3.577214e+001
1.285025e+003,3.520306e+001
1.285989e+003,3.483769e+001
1.286953e+003,3.445794e+001
1.287917e+003,3.422824e+001
1.288882e+003,3.464909e+001
1.289846e+003,3.568659e+001
1.290810e+003,3.669991e+001
1.291774e+003,3.708997e+001
1.292739e+003,3.659924e+001
1.293703e+003,3.543882e+001
1.294667e+003,3.424955e+001
1.295631e+003,3.371759e+001
1.296595e+003,3.377332e+001
1.297560e+003,3.394822e+001
1.298524e+003,3.399119e+001
1.299488e+003,3.351736e+001
1.300452e+003,3.236345e+001
1.301417e+003,3.101372e+001
1.302381e+003,2.996978e+001
1.303345e+003,2.905493e+001
1.304309e+003,2.798808e+001
1.305274e+003,2.690773e+001
1.306238e+003,2.641336e+001
1.307202e+003,2.680769e+001
1.308166e+003,2.799778e+001
1.309130e+003,2.965305e+001
1.310095e+003,3.171829e+001
1.311059e+003,3.430247e+001
1.312023e+003,3.741244e+001
1.312987e+003,4.046672e+001
1.313952e+003,4.310126e+001
1.314916e+003,4.554019e+001
1.315880e+003,4.799656e+001
1.316844e+003,5.064817e+001
1.317809e+003,5.370538e+001
1.318773e+003,5.726672e+001
1.319737e+003,6.108956e+001
1.320701e+003,6.492947e+001
1.321666e+003,6.855061e+001
1.322630e+003,7.193327e+001
1.323594e+003,7.544452e+001
1.324558e+003,7.927370e+001
1.325522e+003,8.318544e+001
1.326487e+003,8.671137e+001
1.327451e+003,8.983913e+001
1.328415e+003,9.303501e+001
1.329379e+003,9.678052e+001
1.330344e+003,1.006722e+002
1.331308e+003,1.041413e+002
1.332272e+003,1.073654e+002
1.333236e+003,1.110059e+002
1.334201e+003,1.155957e+002
1.335165e+003,1.206399e+002
1.336129e+003,1.257422e+002
1.337093e+003,1.309798e+002
1.338057e+003,1.365223e+002
1.339022e+003,1.418833e+002
1.339986e+003,1.460651e+002
1.340950e+003,1.488693e+002
1.341914e+003,1.507100e+002
1.342879e+003,1.516358e+002
1.343843e+003,1.506009e+002
1.344807e+003,1.475184e+002
1.345771e+003,1.428809e+002
1.346736e+003,1.370347e+002
1.347700e+003,1.299978e+002
1.348664e+003,1.216845e+002
1.349628e+003,1.128041e+002
1.350593e+003,1.043127e+002
1.351557e+003,9.656332e+001
1.352521e+003,8.897745e+001
1.353485e+003,8.116293e+001
1.354449e+003,7.383698e+001
1.355414e+003,6.770212e+001
1.356378e+003,6.283509e+001
1.357342e+003,5.893805e+001
1.358306e+003,5.587928e+001
1.359271e+003,5.333903e+001
1.360235e+003,5.154958e+001
1.361199e+003,5.021683e+001
1.362163e+003,4.889952e+001
1.363128e+003,4.774286e+001
1.364092e+003,4.735439e+001
1.365056e+003,4.779573e+001
1.366020e+003,4.805069e+001
1.366984e+003,4.761147e+001
1.367949e+003,4.663545e+001
1.368913e+003,4.541890e+001
1.369877e+003,4.409111e+001
1.370841e+003,4.251053e+001
1.371806e+003,4.121654e+001
1.372770e+003,4.119803e+001
1.373734e+003,4.268776e+001
1.374698e+003,4.425476e+001
1.375663e+003,4.524815e+001
1.376627e+003,4.598001e+001
1.377591e+003,4.658796e+001
1.378555e+003,4.682957e+001
1.379520e+003,4.631712e+001
1.380484e+003,4.527976e+001
1.381448e+003,4.374813e+001
1.382412e+003,4.178998e+001
1.383376e+003,3.968629e+001
1.384341e+003,3.787924e+001
1.385305e+003,3.698545e+001
1.386269e+003,3.709658e+001
1.387233e+003,3.776722e+001
1.388198e+003,3.832706e+001
1.389162e+003,3.860222e+001
1.390126e+003,3.841875e+001
1.391090e+003,3.767941e+001
1.392055e+003,3.721550e+001
1.393019e+003,3.760014e+001
1.393983e+003,3.856329e+001
1.394947e+003,3.955523e+001
1.395911e+003,4.053327e+001
1.396876e+003,4.149036e+001
1.397840e+003,4.239167e+001
1.398804e+003,4.322436e+001
1.399768e+003,4.414754e+001
1.400733e+003,4.519530e+001
1.401697e+003,4.622219e+001
1.402661e+003,4.700887e+001
1.403625e+003,4.735505e+001
1.404590e+003,4.749712e+001
1.405554e+003,4.821140e+001
1.406518e+003,4.955806e+001
1.407482e+003,5.099215e+001
1.408447e+003,5.213268e+001
1.409411e+003,5.293167e+001
1.410375e+003,5.349771e+001
1.411339e+003,5.408922e+001
1.412303e+003,5.483927e+001
1.413268e+003,5.558306e+001
1.414232e+003,5.592872e+001
1.415196e+003,5.577204e+001
1.416160e+003,5.464486e+001
1.417125e+003,5.221864e+001
1.418089e+003,4.924049e+001
1.419053e+003,4.649031e+001
1.420017e+003,4.430210e+001
1.420982e+003,4.276805e+001
1.421946e+003,4.195928e+001
1.422910e+003,4.176165e+001
1.423874e+003,4.201683e+001
1.424839e+003,4.245708e+001
1.425803e+003,4.295604e+001
1.426767e+003,4.328534e+001
1.427731e+003,4.315485e+001
1.428695e+003,4.227515e+001
1.429660e+003,4.020652e+001
1.430624e+003,3.729558e+001
1.431588e+003,3.485140e+001
1.432552e+003,3.343770e+001
1.433517e+003,3.295065e+001
1.434481e+003,3.316224e+001
1.435445e+003,3.363232e+001
1.436409e+003,3.372116e+001
1.437374e+003,3.366952e+001
1.438338e+003,3.417268e+001
1.439302e+003,3.520383e+001
1.440266e+003,3.585276e+001
1.441230e+003,3.546624e+001
1.442195e+003,3.460990e+001
1.443159e+003,3.377276e+001
1.444123e+003,3.318420e+001
1.445087e+003,3.303513e+001
1.446052e+003,3.316203e+001
1.447016e+003,3.334449e+001
1.447980e+003,3.333978e+001
1.448944e+003,3.265400e+001
1.449909e+003,3.123349e+001
1.450873e+003,3.030730e+001
1.451837e+003,3.101805e+001
1.452801e+003,3.222918e+001
1.453766e+003,3.271941e+001
1.454730e+003,3.233486e+001
1.455694e+003,3.179827e+001
1.456658e+003,3.117638e+001
1.457622e+003,3.038180e+001
1.458587e+003,2.945821e+001
1.459551e+003,2.858475e+001
1.460515e+003,2.789899e+001
1.461479e+003,2.725664e+001
1.462444e+003,2.653616e+001
1.463408e+003,2.621893e+001
1.464372e+003,2.711853e+001
1.465336e+003,2.912697e+001
1.466301e+003,3.065941e+001
1.467265e+003,3.122411e+001
1.468229e+003,3.153178e+001
1.469193e+003,3.211182e+001
1.470157e+003,3.302815e+001
1.471122e+003,3.421216e+001
1.472086e+003,3.563880e+001
1.473050e+003,3.740648e+001
1.474014e+003,3.930915e+001
1.474979e+003,4.091218e+001
1.475943e+003,4.199432e+001
1.476907e+003,4.304486e+001
1.477871e+003,4.432579e+001
1.478836e+003,4.561280e+001
1.479800e+003,4.667632e+001
1.480764e+003,4.770866e+001
1.481728e+003,4.918708e+001
1.482693e+003,5.108387e+001
1.483657e+003,5.310597e+001
1.484621e+003,5.531262e+001
1.485585e+003,5.823124e+001
1.486549e+003,6.236345e+001
1.487514e+003,6.668106e+001
1.488478e+003,7.045335e+001
1.489442e+003,7.381102e+001
1.490406e+003,7.732167e+001
1.491371e+003,8.091914e+001
1.492335e+003,8.424394e+001
1.493299e+003,8.719676e+001
1.494263e+003,8.988007e+001
1.495228e+003,9.235013e+001
1.496192e+003,9.442303e+001
1.497156e+003,9.582581e+001
1.498120e+003,9.748570e+001
1.499084e+003,1.002537e+002
1.500049e+003,1.040347e+002
1.501013e+003,1.076914e+002
1.501977e+003,1.109844e+002
1.502941e+003,1.139095e+002
1.503906e+003,1.164168e+002
1.504870e+003,1.183815e+002
1.505834e+003,1.197641e+002
1.506798e+003,1.211047e+002
1.507763e+003,1.229879e+002
1.508727e+003,1.249907e+002
1.509691e+003,1.263926e+002
1.510655e+003,1.274401e+002
1.511620e+003,1.296700e+002
1.512584e+003,1.331698e+002
1.513548e+003,1.366569e+002
1.514512e+003,1.392734e+002
1.515476e+003,1.409503e+002
1.516441e+003,1.419532e+002
1.517405e+003,1.418486e+002
1.518369e+003,1.401404e+002
1.519333e+003,1.374222e+002
1.520298e+003,1.347862e+002
1.521262e+003,1.323948e+002
1.522226e+003,1.289509e+002
1.523190e+003,1.243020e+002
1.524155e+003,1.196627e+002
1.525119e+003,1.159948e+002
1.526083e+003,1.125784e+002
1.527047e+003,1.082957e+002
1.528011e+003,1.038136e+002
1.528976e+003,1.000966e+002
1.529940e+003,9.728841e+001
1.530904e+003,9.460806e+001
1.531868e+003,9.193367e+001
1.532833e+003,8.981665e+001
1.533797e+003,8.838899e+001
1.534761e+003,8.706569e+001
1.535725e+003,8.517334e+001
1.536690e+003,8.325116e+001
1.537654e+003,8.183864e+001
1.538618e+003,8.130260e+001
1.539582e+003,8.171812e+001
1.540547e+003,8.291321e+001
1.541511e+003,8.469887e+001
1.542475e+003,8.686481e+001
1.543439e+003,8.943512e+001
1.544403e+003,9.231197e+001
1.545368e+003,9.525969e+001
1.546332e+003,9.798973e+001
1.547296e+003,1.003691e+002
1.548260e+003,1.024664e+002
1.549225e+003,1.038585e+002
1.550189e+003,1.039563e+002
1.551153e+003,1.029785e+002
1.552117e+003,1.026353e+002
1.553082e+003,1.031539e+002
1.554046e+003,1.030670e+002
1.555010e+003,1.011854e+002
1.555974e+003,9.815091e+001
1.556938e+003,9.489967e+001
1.557903e+003,9.168709e+001
1.558867e+003,8.860272e+001
1.559831e+003,8.559398e+001
1.560795e+003,8.232811e+001
1.561760e+003,7.882950e+001
1.562724e+003,7.530682e+001
1.563688e+003,7.193391e+001
1.564652e+003,6.917998e+001
1.565617e+003,6.744362e+001
1.566581e+003,6.633786e+001
1.567545e+003,6.524706e+001
1.568509e+003,6.396825e+001
1.569474e+003,6.275481e+001
1.570438e+003,6.170249e+001
1.571402e+003,6.085173e+001
1.572366e+003,6.027334e+001
1.573330e+003,5.994181e+001
1.574295e+003,5.989941e+001
1.575259e+003,6.058245e+001
1.576223e+003,6.234795e+001
1.577187e+003,6.442465e+001
1.578152e+003,6.605502e+001
1.579116e+003,6.737769e+001
1.580080e+003,6.933099e+001
1.581044e+003,7.150533e+001
1.582009e+003,7.259306e+001
1.582973e+003,7.268805e+001
1.583937e+003,7.290387e+001
1.584901e+003,7.392863e+001
1.585865e+003,7.545036e+001
1.586830e+003,7.726456e+001
1.587794e+003,7.899352e+001
1.588758e+003,8.044655e+001
1.589722e+003,8.219908e+001
1.590687e+003,8.517461e+001
1.591651e+003,8.883827e+001
1.592615e+003,9.204405e+001
1.593579e+003,9.478143e+001
1.594544e+003,9.745998e+001
1.595508e+003,1.002082e+002
1.596472e+003,1.025859e+002
1.597436e+003,1.046900e+002
1.598401e+003,1.068268e+002
1.599365e+003,1.088942e+002
1.600329e+003,1.109240e+002
1.601293e+003,1.130531e+002
1.602257e+003,1.148027e+002
1.603222e+003,1.160899e+002
1.604186e+003,1.168597e+002
1.605150e+003,1.159414e+002
1.606114e+003,1.130323e+002
1.607079e+003,1.095099e+002
1.608043e+003,1.062333e+002
1.609007e+003,1.023945e+002
1.609971e+003,9.663933e+001
1.610936e+003,8.997227e+001
1.611900e+003,8.382382e+001
1.612864e+003,7.877911e+001
1.613828e+003,7.487004e+001
1.614792e+003,7.200206e+001
1.615757e+003,6.928142e+001
1.616721e+003,6.641714e+001
1.617685e+003,6.363055e+001
1.618649e+003,6.124517e+001
1.619614e+003,5.961093e+001
1.620578e+003,5.890243e+001
1.621542e+003,5.826645e+001
1.622506e+003,5.699490e+001
1.623471e+003,5.532219e+001
1.624435e+003,5.407344e+001
1.625399e+003,5.326249e+001
1.626363e+003,5.269181e+001
1.627328e+003,5.220664e+001
1.628292e+003,5.175546e+001
1.629256e+003,5.125608e+001
1.630220e+003,5.026552e+001
1.631184e+003,4.872424e+001
1.632149e+003,4.736634e+001
1.633113e+003,4.686264e+001
1.634077e+003,4.684115e+001
1.635041e+003,4.648291e+001
1.636006e+003,4.584835e+001
1.636970e+003,4.543842e+001
1.637934e+003,4.554832e+001
1.638898e+003,4.599279e+001
1.639863e+003,4.649854e+001
1.640827e+003,4.664421e+001
1.641791e+003,4.627188e+001
1.642755e+003,4.545488e+001
1.643719e+003,4.430239e+001
1.644684e+003,4.306684e+001
1.645648e+003,4.220083e+001
1.646612e+003,4.186563e+001
1.647576e+003,4.183818e+001
1.648541e+003,4.201073e+001
1.649505e+003,4.240641e+001
1.650469e+003,4.279477e+001
1.651433e+003,4.299863e+001
1.652398e+003,4.285807e+001
1.653362e+003,4.194898e+001
1.654326e+003,4.014308e+001
1.655290e+003,3.833525e+001
1.656255e+003,3.704913e+001
1.657219e+003,3.594213e+001
1.658183e+003,3.434592e+001
1.659147e+003,3.283104e+001
1.660111e+003,3.211275e+001
1.661076e+003,3.231225e+001
1.662040e+003,3.326865e+001
1.663004e+003,3.478535e+001
1.663968e+003,3.647050e+001
1.664933e+003,3.796243e+001
1.665897e+003,3.897582e+001
1.666861e+003,3.939843e+001
1.667825e+003,3.956406e+001
1.668790e+003,3.994871e+001
1.669754e+003,4.012987e+001
1.670718e+003,3.954123e+001
1.671682e+003,3.817654e+001
1.672646e+003,3.667619e+001
1.673611e+003,3.545131e+001
1.674575e+003,3.475905e+001
1.675539e+003,3.440279e+001
1.676503e+003,3.410265e+001
1.677468e+003,3.377048e+001
1.678432e+003,3.340789e+001
1.679396e+003,3.302536e+001
1.680360e+003,3.275665e+001
1.681325e+003,3.270266e+001
1.682289e+003,3.267808e+001
1.683253e+003,3.244257e+001
1.684217e+003,3.229698e+001
1.685182e+003,3.248327e+001
1.686146e+003,3.296241e+001
1.687110e+003,3.373272e+001
1.688074e+003,3.492095e+001
1.689038e+003,3.639819e+001
1.690003e+003,3.773978e+001
1.690967e+003,3.853824e+001
1.691931e+003,3.880343e+001
1.692895e+003,3.902856e+001
1.693860e+003,3.942249e+001
1.694824e+003,3.980371e+001
1.695788e+003,3.991787e+001
1.696752e+003,3.978416e+001
1.697717e+003,3.975992e+001
1.698681e+003,3.952676e+001
1.699645e+003,3.866093e+001
1.700609e+003,3.716358e+001
1.701573e+003,3.554653e+001
1.702538e+003,3.411930e+001
1.703502e+003,3.256847e+001
1.704466e+003,3.093389e+001
1.705430e+003,2.988288e+001
1.706395e+003,2.999561e+001
1.707359e+003,3.088866e+001
1.708323e+003,3.209743e+001
1.709287e+003,3.321854e+001
1.710252e+003,3.397006e+001
1.711216e+003,3.450722e+001
1.712180e+003,3.489792e+001
1.713144e+003,3.481440e+001
1.714109e+003,3.414878e+001
1.715073e+003,3.313510e+001
1.716037e+003,3.215387e+001
1.717001e+003,3.152367e+001
1.717965e+003,3.158661e+001
1.718930e+003,3.249822e+001
1.719894e+003,3.406404e+001
1.720858e+003,3.584232e+001
1.721822e+003,3.732566e+001
1.722787e+003,3.817943e+001
1.723751e+003,3.845818e+001
1.724715e+003,3.852711e+001
1.725679e+003,3.846029e+001
1.726644e+003,3.782838e+001
1.727608e+003,3.675401e+001
1.728572e+003,3.564826e+001
1.729536e+003,3.480470e+001
1.730500e+003,3.432967e+001
1.731465e+003,3.432061e+001
1.732429e+003,3.492708e+001
1.733393e+003,3.588862e+001
1.734357e+003,3.649636e+001
1.735322e+003,3.630158e+001
1.736286e+003,3.610731e+001
1.737250e+003,3.623598e+001
1.738214e+003,3.630827e+001
1.739179e+003,3.594790e+001
1.740143e+003,3.559542e+001
1.741107e+003,3.566736e+001
1.742071e+003,3.571267e+001
1.743036e+003,3.526446e+001
1.744000e+003,3.435433e+001
1.744964e+003,3.321842e+001
1.745928e+003,3.214745e+001
1.746892e+003,3.118743e+001
1.747857e+003,3.015103e+001
1.748821e+003,2.926268e+001
1.749785e+003,2.910268e+001
1.750749e+003,2.921652e+001
1.751714e+003,2.907279e+001
1.752678e+003,2.880633e+001
1.753642e+003,2.905067e+001
1.754606e+003,2.952604e+001
1.755571e+003,2.945422e+001
1.756535e+003,2.872194e+001
1.757499e+003,2.769325e+001
1.758463e+003,2.645357e+001
1.759427e+003,2.486067e+001
1.760392e+003,2.351714e+001
1.761356e+003,2.279053e+001
1.762320e+003,2.245514e+001
1.763284e+003,2.198356e+001
1.764249e+003,2.140820e+001
1.765213e+003,2.133350e+001
1.766177e+003,2.199592e+001
1.767141e+003,2.308056e+001
1.768106e+003,2.418870e+001
1.769070e+003,2.511057e+001
1.770034e+003,2.567943e+001
1.770998e+003,2.567992e+001
1.771963e+003,2.484375e+001
1.772927e+003,2.344224e+001
1.773891e+003,2.239723e+001
1.774855e+003,2.232440e+001
1.775819e+003,2.310255e+001
1.776784e+003,2.397354e+001
1.777748e+003,2.443200e+001
1.778712e+003,2.475111e+001
1.779676e+003,2.493540e+001
1.780641e+003,2.490876e+001
1.781605e+003,2.485355e+001
1.782569e+003,2.485069e+001
1.783533e+003,2.475694e+001
1.784498e+003,2.449939e+001
1.785462e+003,2.419870e+001
1.786426e+003,2.420037e+001
1.787390e+003,2.424949e+001
1.788354e+003,2.437561e+001
1.789319e+003,2.482808e+001
1.790283e+003,2.523075e+001
1.791247e+003,2.502200e+001
1.792211e+003,2.443553e+001
1.793176e+003,2.387328e+001
1.794140e+003,2.361608e+001
1.795104e+003,2.374719e+001
1.796068e+003,2.406355e+001
1.797033e+003,2.444542e+001
1.797997e+003,2.505097e+001
1.798961e+003,2.584815e+001
1.799925e+003,2.652960e+001
1.800890e+003,2.668768e+001
1.801854e+003,2.686865e+001
1.802818e+003,2.772157e+001
1.803782e+003,2.890181e+001
1.804746e+003,2.968027e+001
1.805711e+003,2.987194e+001
1.806675e+003,2.968933e+001
1.807639e+003,2.905736e+001
1.808603e+003,2.785150e+001
1.809568e+003,2.632671e+001
1.810532e+003,2.506983e+001
1.811496e+003,2.429486e+001
1.812460e+003,2.390244e+001
1.813425e+003,2.369017e+001
1.814389e+003,2.360834e+001
1.815353e+003,2.384930e+001
1.816317e+003,2.427546e+001
1.817281e+003,2.451791e+001
1.818246e+003,2.439461e+001
1.819210e+003,2.405417e+001
1.820174e+003,2.379040e+001
1.821138e+003,2.365861e+001
1.822103e+003,2.380471e+001
1.823067e+003,2.449516e+001
1.824031e+003,2.561925e+001
1.824995e+003,2.674616e+001
1.825960e+003,2.767245e+001
1.826924e+003,2.819232e+001
1.827888e+003,2.826362e+001
1.828852e+003,2.817697e+001
1.829817e+003,2.778309e+001
1.830781e+003,2.660494e+001
1.831745e+003,2.504299e+001
1.832709e+003,2.400979e+001
1.833673e+003,2.388845e+001
1.834638e+003,2.418557e+001
1.835602e+003,2.472242e+001
1.836566e+003,2.560565e+001
1.837530e+003,2.661873e+001
1.838495e+003,2.728248e+001
1.839459e+003,2.754094e+001
1.840423e+003,2.774979e+001
1.841387e+003,2.813358e+001
1.842352e+003,2.847357e+001
1.843316e+003,2.824756e+001
1.844280e+003,2.748929e+001
1.845244e+003,2.695189e+001
1.846208e+003,2.698588e+001
1.847173e+003,2.723990e+001
1.848137e+003,2.737620e+001
1.849101e+003,2.769477e+001
1.850065e+003,2.821752e+001
1.851030e+003,2.850999e+001
1.851994e+003,2.838695e+001
1.852958e+003,2.837290e+001
1.853922e+003,2.890369e+001
1.854887e+003,2.985017e+001
1.855851e+003,3.088938e+001
1.856815e+003,3.198775e+001
1.857779e+003,3.307766e+001
1.858744e+003,3.390161e+001
1.859708e+003,3.437262e+001
1.860672e+003,3.455553e+001
1.861636e+003,3.446149e+001
1.862600e+003,3.389953e+001
1.863565e+003,3.273927e+001
1.864529e+003,3.134720e+001
1.865493e+003,3.036860e+001
1.866457e+003,2.977357e+001
1.867422e+003,2.935789e+001
1.868386e+003,2.911979e+001
1.869350e+003,2.912042e+001
1.870314e+003,2.933303e+001
1.871279e+003,2.950742e+001
1.872243e+003,2.956460e+001
1.873207e+003,2.965091e+001
1.874171e+003,2.990260e+001
1.875135e+003,3.032521e+001
1.876100e+003,3.070456e+001
1.877064e+003,3.096486e+001
1.878028e+003,3.142626e+001
1.878992e+003,3.233468e+001
1.879957e+003,3.322976e+001
1.880921e+003,3.359276e+001
1.881885e+003,3.336850e+001
1.882849e+003,3.272665e+001
1.883814e+003,3.180602e+001
1.884778e+003,3.071355e+001
1.885742e+003,2.971549e+001
1.886706e+003,2.907422e+001
1.887671e+003,2.889446e+001
1.888635e+003,2.896854e+001
1.889599e+003,2.898840e+001
1.890563e+003,2.873314e+001
1.891527e+003,2.840944e+001
1.892492e+003,2.837133e+001
1.893456e+003,2.866878e+001
1.894420e+003,2.864504e+001
1.895384e+003,2.819649e+001
1.896349e+003,2.762999e+001
1.897313e+003,2.717329e+001
1.898277e+003,2.703339e+001
1.899241e+003,2.755156e+001
1.900206e+003,2.863081e+001
1.901170e+003,2.979879e+001
1.902134e+003,3.068740e+001
1.903098e+003,3.136096e+001
1.904063e+003,3.177301e+001
1.905027e+003,3.193741e+001
1.905991e+003,3.205691e+001
1.906955e+003,3.215235e+001
1.907919e+003,3.179342e+001
1.908884e+003,3.110072e+001
1.909848e+003,3.046992e+001
1.910812e+003,3.014842e+001
1.911776e+003,3.029543e+001
1.912741e+003,3.082174e+001
1.913705e+003,3.130269e+001
1.914669e+003,3.151594e+001
1.915633e+003,3.155342e+001
1.916598e+003,3.188922e+001
1.917562e+003,3.262672e+001
1.918526e+003,3.331601e+001
1.919490e+003,3.363284e+001
1.920454e+003,3.364927e+001
1.921419e+003,3.357519e+001
1.922383e+003,3.363410e+001
1.923347e+003,3.392846e+001
1.924311e+003,3.419506e+001
1.925276e+003,3.390171e+001
1.926240e+003,3.313926e+001
1.927204e+003,3.244092e+001
1.928168e+003,3.186286e+001
1.929133e+003,3.134562e+001
1.930097e+003,3.117458e+001
1.931061e+003,3.131946e+001
1.932025e+003,3.137965e+001
1.932990e+003,3.134056e+001
1.933954e+003,3.145013e+001
1.934918e+003,3.181389e+001
1.935882e+003,3.240087e+001
1.936846e+003,3.300714e+001
1.937811e+003,3.326407e+001
1.938775e+003,3.316051e+001
1.939739e+003,3.328414e+001
1.940703e+003,3.384380e+001
1.941668e+003,3.444123e+001
1.942632e+003,3.478710e+001
1.943596e+003,3.483597e+001
1.944560e+003,3.488969e+001
1.945525e+003,3.502605e+001
1.946489e+003,3.500319e+001
1.947453e+003,3.455898e+001
1.948417e+003,3.400971e+001
1.949381e+003,3.365271e+001
1.950346e+003,3.339711e+001
1.951310e+003,3.318509e+001
1.952274e+003,3.311937e+001
1.953238e+003,3.321434e+001
1.954203e+003,3.340219e+001
1.955167e+003,3.362481e+001
1.956131e+003,3.367925e+001
1.957095e+003,3.334094e+001
1.958060e+003,3.297071e+001
1.959024e+003,3.274529e+001
1.959988e+003,3.246845e+001
1.960952e+003,3.212835e+001
1.961917e+003,3.217228e+001
1.962881e+003,3.274560e+001
1.963845e+003,3.342850e+001
1.964809e+003,3.382952e+001
1.965773e+003,3.403043e+001
1.966738e+003,3.455753e+001
1.967702e+003,3.534875e+001
1.968666e+003,3.582484e+001
1.969630e+003,3.562792e+001
1.970595e+003,3.505603e+001
1.971559e+003,3.458038e+001
1.972523e+003,3.409766e+001
1.973487e+003,3.346305e+001
1.974452e+003,3.309671e+001
1.975416e+003,3.335626e+001
1.976380e+003,3.384354e+001
1.977344e+003,3.411166e+001
1.978308e+003,3.425919e+001
1.979273e+003,3.487728e+001
1.980237e+003,3.562362e+001
1.981201e+003,3.572883e+001
1.982165e+003,3.516055e+001
1.983130e+003,3.449437e+001
1.984094e+003,3.410973e+001
1.985058e+003,3.382755e+001
1.986022e+003,3.345193e+001
1.986987e+003,3.328580e+001
1.987951e+003,3.362906e+001
1.988915e+003,3.414798e+001
1.989879e+003,3.447673e+001
1.990844e+003,3.484423e+001
1.991808e+003,3.553330e+001
1.992772e+003,3.648581e+001
1.993736e+003,3.476517e+001
1.994700e+003,3.416760e+001
1.995665e+003,3.553088e+001
1.996629e+003,3.650712e+001
1.997593e+003,3.678309e+001
1.998557e+003,3.602375e+001
1.999522e+003,3.271629e+001
